0 0.078125 0.0872093023255814 0.040625 0.125
6 0.1828125 0.09011627906976744 0.05 0.13372093023255813
17 0.2328125 0.0872093023255814 0.0421875 0.125
4 0.2828125 0.0872093023255814 0.0375 0.1308139534883721
0 0.3328125 0.08139534883720931 0.04375 0.125
19 0.384375 0.0872093023255814 0.046875 0.12790697674418605
12 0.4859375 0.07848837209302326 0.0390625 0.1308139534883721
0 0.5359375 0.0872093023255814 0.0390625 0.11627906976744186
13 0.5875 0.0872093023255814 0.046875 0.125
8 0.6890625 0.08139534883720931 0.040625 0.125
18 0.7421875 0.0872093023255814 0.046875 0.12209302325581395
14 0.8375 0.07267441860465117 0.0421875 0.1308139534883721
13 0.8875 0.0755813953488372 0.0421875 0.13662790697674418
4 0.9375 0.08139534883720931 0.040625 0.13372093023255813
22 0.0828125 0.23837209302325582 0.046875 0.125
7 0.13125 0.23546511627906977 0.040625 0.125
14 0.1765625 0.23255813953488372 0.0390625 0.11918604651162791
7 0.28125 0.23255813953488372 0.046875 0.13662790697674418
0 0.3359375 0.22965116279069767 0.0390625 0.13372093023255813
18 0.384375 0.22965116279069767 0.0421875 0.12209302325581395
13 0.4859375 0.22965116279069767 0.0359375 0.12790697674418605
14 0.534375 0.22965116279069767 0.0390625 0.12209302325581395
19 0.5875 0.23546511627906977 0.0390625 0.125
11 0.6890625 0.2238372093023256 0.04375 0.125
14 0.7390625 0.22674418604651161 0.0390625 0.1308139534883721
18 0.7890625 0.22674418604651161 0.04375 0.1308139534883721
19 0.8390625 0.2238372093023256 0.04375 0.11918604651162791
7 0.08125 0.3808139534883721 0.04375 0.13662790697674418
8 0.13125 0.37790697674418605 0.040625 0.12790697674418605
18 0.184375 0.3808139534883721 0.04375 0.1308139534883721
2 0.28125 0.37790697674418605 0.040625 0.11918604651162791
7 0.3328125 0.3808139534883721 0.0515625 0.1308139534883721
8 0.3875 0.37790697674418605 0.04375 0.125
11 0.4390625 0.3808139534883721 0.04375 0.13372093023255813
3 0.4859375 0.37790697674418605 0.040625 0.13953488372093023
18 0.5875 0.375 0.0421875 0.13662790697674418
7 0.690625 0.37790697674418605 0.04375 0.13953488372093023
4 0.74375 0.3808139534883721 0.04375 0.13662790697674418
0 0.7890625 0.375 0.04375 0.13953488372093023
17 0.840625 0.37209302325581395 0.040625 0.12790697674418605
19 0.8921875 0.3691860465116279 0.04375 0.1308139534883721
12 0.13125 0.6715116279069767 0.040625 0.13372093023255813
4 0.18125 0.6773255813953488 0.0421875 0.13372093023255813
13 0.23125 0.6773255813953488 0.0453125 0.14244186046511628
2 0.284375 0.6802325581395349 0.0375 0.13372093023255813
8 0.334375 0.6744186046511628 0.0421875 0.14534883720930233
20 0.384375 0.6744186046511628 0.040625 0.13662790697674418
18 0.4359375 0.6802325581395349 0.04375 0.14244186046511628