0 0.05 0.08849557522123894 0.0359375 0.06858407079646017
1 0.1109375 0.08849557522123894 0.0359375 0.07079646017699115
2 0.1703125 0.08849557522123894 0.034375 0.07079646017699115
3 0.228125 0.08628318584070796 0.034375 0.06858407079646017
4 0.2890625 0.08849557522123894 0.03125 0.06637168141592921
5 0.346875 0.08849557522123894 0.034375 0.06637168141592921
6 0.4078125 0.08849557522123894 0.034375 0.07079646017699115
7 0.0515625 0.18805309734513273 0.03125 0.061946902654867256
8 0.109375 0.1902654867256637 0.03125 0.061946902654867256
9 0.16875 0.18805309734513273 0.0328125 0.06637168141592921
10 0.228125 0.1902654867256637 0.0328125 0.06637168141592921
11 0.2890625 0.1902654867256637 0.034375 0.061946902654867256
12 0.346875 0.1902654867256637 0.0328125 0.061946902654867256
13 0.40625 0.1902654867256637 0.034375 0.06858407079646017
14 0.05 0.28982300884955753 0.03125 0.059734513274336286
15 0.1109375 0.2920353982300885 0.028125 0.06637168141592921
16 0.16875 0.28982300884955753 0.03125 0.06637168141592921
17 0.228125 0.28982300884955753 0.03125 0.06415929203539823
18 0.2890625 0.28982300884955753 0.03125 0.06415929203539823
19 0.3484375 0.28982300884955753 0.028125 0.06415929203539823
20 0.4078125 0.2920353982300885 0.0328125 0.06415929203539823
21 0.05 0.3915929203539823 0.03125 0.06415929203539823
22 0.109375 0.3893805309734513 0.03125 0.06415929203539823
23 0.16875 0.3893805309734513 0.0296875 0.06637168141592921
24 0.2296875 0.3915929203539823 0.0296875 0.07079646017699115
25 0.2890625 0.3893805309734513 0.03125 0.06858407079646017