0 0.0609375 0.25481798715203424 0.0578125 0.12419700214132762
1 0.171875 0.26124197002141325 0.0765625 0.13062098501070663
2 0.275 0.26124197002141325 0.0734375 0.13276231263383298
3 0.38125 0.26124197002141325 0.071875 0.13704496788008566
4 0.4890625 0.26552462526766596 0.0703125 0.13276231263383298
5 0.596875 0.2633832976445396 0.071875 0.13704496788008566
6 0.703125 0.2633832976445396 0.0734375 0.1349036402569593
7 0.8078125 0.2633832976445396 0.0671875 0.139186295503212
8 0.915625 0.26124197002141325 0.071875 0.13276231263383298
9 0.0640625 0.5717344753747323 0.06875 0.15417558886509636
10 0.1671875 0.5781584582441114 0.065625 0.15845824411134904
11 0.278125 0.5717344753747323 0.0671875 0.15417558886509636
12 0.3828125 0.5781584582441114 0.0734375 0.14132762312633834
13 0.4875 0.5738758029978587 0.065625 0.15631691648822268
14 0.596875 0.5781584582441114 0.071875 0.16488222698072805
15 0.6984375 0.5738758029978587 0.0875 0.17130620985010706
16 0.8078125 0.5674518201284796 0.071875 0.15631691648822268
17 0.915625 0.5802997858672377 0.071875 0.14989293361884368
18 0.06875 0.8565310492505354 0.071875 0.15417558886509636
19 0.171875 0.860813704496788 0.0765625 0.13276231263383298
20 0.275 0.854389721627409 0.075 0.16274089935760172
21 0.3859375 0.860813704496788 0.071875 0.145610278372591
22 0.4953125 0.8693790149892934 0.084375 0.15203426124197003
23 0.5953125 0.8565310492505354 0.0765625 0.14132762312633834
24 0.703125 0.860813704496788 0.065625 0.14989293361884368
25 0.809375 0.8586723768736617 0.06875 0.15845824411134904