0 0.05625 0.11764705882352941 0.0671875 0.17647058823529413
1 0.153125 0.11764705882352941 0.053125 0.18907563025210083
2 0.25 0.11764705882352941 0.046875 0.15126050420168066
3 0.353125 0.1134453781512605 0.05625 0.18487394957983194
4 0.4515625 0.11764705882352941 0.0546875 0.1638655462184874
5 0.5515625 0.12184873949579832 0.0515625 0.18067226890756302
6 0.6515625 0.11764705882352941 0.046875 0.1638655462184874
7 0.7515625 0.11764705882352941 0.05 0.1638655462184874
8 0.8515625 0.11764705882352941 0.046875 0.15966386554621848
9 0.95 0.1134453781512605 0.0484375 0.15966386554621848
10 0.05 0.4495798319327731 0.0484375 0.18487394957983194
11 0.146875 0.44537815126050423 0.0421875 0.18067226890756302
12 0.246875 0.4495798319327731 0.0515625 0.18487394957983194
13 0.3515625 0.46218487394957986 0.0515625 0.1722689075630252
14 0.4546875 0.453781512605042 0.05625 0.16806722689075632
15 0.553125 0.4495798319327731 0.05 0.1638655462184874
16 0.653125 0.4495798319327731 0.0515625 0.16806722689075632
17 0.7515625 0.44537815126050423 0.0421875 0.18067226890756302
18 0.8515625 0.453781512605042 0.05 0.1722689075630252
19 0.95 0.4495798319327731 0.05 0.16806722689075632
20 0.053125 0.7773109243697479 0.0421875 0.18487394957983194
21 0.15 0.7857142857142857 0.05625 0.1638655462184874
23 0.25 0.7899159663865546 0.05 0.17647058823529413
24 0.3515625 0.7857142857142857 0.040625 0.17647058823529413
25 0.45625 0.7941176470588235 0.053125 0.16806722689075632
22 0.553125 0.7899159663865546 0.0484375 0.18487394957983194