0 0.09166666666666666 0.1578125 0.06875 0.0640625
1 0.24583333333333332 0.1578125 0.06875 0.0671875
2 0.425 0.15625 0.06666666666666667 0.0640625
3 0.5895833333333333 0.1578125 0.07083333333333333 0.0671875
4 0.74375 0.15625 0.07083333333333333 0.0640625
5 0.9125 0.15625 0.07083333333333333 0.065625
6 0.0875 0.2828125 0.06666666666666667 0.065625
7 0.24375 0.2828125 0.0625 0.0640625
8 0.41875 0.2828125 0.0625 0.0640625
9 0.56875 0.28125 0.06666666666666667 0.0703125
10 0.75 0.2828125 0.06666666666666667 0.0640625
11 0.9166666666666666 0.2828125 0.075 0.065625
12 0.08541666666666667 0.415625 0.0625 0.0609375
13 0.24375 0.4140625 0.058333333333333334 0.0671875
14 0.41875 0.4125 0.06041666666666667 0.059375
15 0.5895833333333333 0.4109375 0.0625 0.0609375
16 0.74375 0.4140625 0.07291666666666667 0.065625
17 0.9125 0.409375 0.0625 0.0578125
18 0.0875 0.528125 0.0625 0.0640625
19 0.24375 0.528125 0.075 0.0640625
20 0.41875 0.5265625 0.06666666666666667 0.0640625
21 0.5895833333333333 0.5265625 0.06041666666666667 0.0578125
22 0.74375 0.528125 0.0625 0.0640625
23 0.9104166666666667 0.53125 0.06041666666666667 0.0625
24 0.0875 0.6578125 0.0625 0.059375
25 0.24375 0.65625 0.075 0.0609375