0 0.1546561671875 0.5463845643153528 0.17467861875 0.6838974564315353 0.22577038749999997 0.6545613734439834 0.20574793750000003 0.5170484771784233 0.1546561671875 0.5463845643153528
19 0.018641590625000003 0.617891265560166 0.037283184375 0.77740622406639 0.0938983875 0.7407361203319502 0.0697333609375 0.5775541535269709 0.018641590625000003 0.617891265560166
17 0.081470659375 0.5775541535269709 0.10563568593749999 0.7315685933609959 0.159489171875 0.6967319958506224 0.1380858640625 0.5408840497925311 0.081470659375 0.5775541535269709
13 0.2195565234375 0.5060474481327801 0.24165026093750003 0.6527278672199169 0.29688460625 0.617891265560166 0.27479086875 0.46937734024896266 0.2195565234375 0.5060474481327801
18 0.2879090265625 0.46571033195020745 0.3100027640625 0.6160577634854771 0.36247539375 0.5848881742738589 0.3403816546875 0.42537321991701244 0.2879090265625 0.46571033195020745
5 0.3569519578125 0.42904022821576765 0.3797361265625 0.5793876556016598 0.43289918437499997 0.5445510580912863 0.40942458750000005 0.39420363070539416 0.3569519578125 0.42904022821576765
14 0.4218523140625 0.39420363070539416 0.446017340625 0.5408840497925311 0.4971091109375 0.49871342738589214 0.4729440828125 0.35019950207468875 0.4218523140625 0.39420363070539416
17 0.48537181250000005 0.3520330082987552 0.512988984375 0.5042139419087137 0.5654616125 0.46571033195020745 0.5392252984375 0.3080288838174274 0.48537181250000005 0.3520330082987552
12 0.55441474375 0.32269692116182574 0.584103203125 0.46204331950207467 0.6317428281249999 0.42353970954356845 0.6013639375000001 0.28052630290456426 0.55441474375 0.32269692116182574
8 0.6144820953125001 0.2750257842323652 0.644860984375 0.42353970954356845 0.693881465625 0.38503609958506224 0.66419300625 0.23285516597510372 0.6144820953125001 0.2750257842323652
13 0.6800728796875 0.24385619502074687 0.7139039171875 0.38503609958506224 0.7636148281249999 0.35386651037344397 0.729783790625 0.20718609543568464 0.6800728796875 0.24385619502074687
6 0.7470445234375 0.2163536182572614 0.77811384375 0.35936702904564316 0.8264438953125 0.32453043153526967 0.79606500625 0.1741829958506224 0.7470445234375 0.2163536182572614
8 0.0448779046875 0.8012417925311204 0.07111421875 0.9699242780082988 0.12841985312499998 0.9277536556016597 0.09873139375 0.7554041618257261 0.0448779046875 0.8012417925311204
12 0.11875384375 0.7700722033195021 0.141538009375 0.9112521078838175 0.19262978125000002 0.8727484979253113 0.1726073296875 0.7279015850622407 0.11875384375 0.7700722033195021
0 0.1857254859375 0.7169005518672199 0.207819225 0.867247979253112 0.251316271875 0.8397454024896266 0.23129382187499997 0.6893979751037345 0.1857254859375 0.7169005518672199
6 0.253387559375 0.6820639543568464 0.2754812984375 0.8287443734439834 0.3314060734375 0.7957412780082987 0.3086219046875 0.6472273526970955 0.253387559375 0.6820639543568464
8 0.32381135156249996 0.6435603443983402 0.345214659375 0.7865737510373444 0.401139434375 0.751737153526971 0.376974409375 0.6032232282157677 0.32381135156249996 0.6435603443983402
13 0.3894021359375 0.6013897178423236 0.414257590625 0.757237663900415 0.4729440828125 0.7187340539419088 0.448088628125 0.5720536390041494 0.3894021359375 0.6013897178423236
0 0.4591354984375 0.5665531203319502 0.48468138125 0.7169005518672199 0.53232100625 0.6802304439834025 0.5053942625000001 0.5262160082987551 0.4591354984375 0.5665531203319502
19 0.5288688593749999 0.5317165186721992 0.5578668890625 0.6747299336099585 0.606887371875 0.6343928174273858 0.57443719375 0.4840453858921162 0.5288688593749999 0.5317165186721992
8 0.59031706875 0.4840453858921162 0.6206959578125 0.6270587966804979 0.66833558125 0.5812211659751036 0.6414088375 0.44187476348547716 0.59031706875 0.4840453858921162
14 0.6600504296875 0.45470929875518673 0.6869771734375 0.6050567302904564 0.7366880828125 0.5628861078838174 0.711832628125 0.41253868049792536 0.6600504296875 0.45470929875518673
13 0.724950784375 0.41803919917012444 0.7518775296875 0.5555520871369295 0.8008980093750001 0.520715489626556 0.772590409375 0.3758685726141079 0.724950784375 0.41803919917012444
8 0.8540610687499999 0.32819743983402494 0.8892729640624999 0.5133814688796681 0.9369125875 0.47304435269709544 0.9051528375 0.2860268174273859 0.8540610687499999 0.32819743983402494
13 0.9155092781249999 0.3006948630705394 0.9458881671875 0.4583763112033195 0.99421821875 0.4107051742738589 0.9659106187500001 0.25669073443983403 0.9155092781249999 0.3006948630705394
11 0.7081512828125 0.811225294605809 0.7388451468749999 0.9548393402489626 0.7834243296875 0.9179654605809129 0.7541920796875 0.7665884937759336 0.7081512828125 0.811225294605809
21 0.82434948125 0.7394182697095436 0.8250802875 0.7394182697095436 0.8543125375 0.8849730456431535 0.901084140625 0.8480991659751037 0.8718518890625001 0.6928407385892116 0.82434948125 0.7394182697095436
24 0.6224430328125 1 0.66722613125 0.9781281037344398 0.6401863 0.8519806307053942 0.594145503125 0.8907952365145229 0.6178194484375 1 0.6224430328125 1