0 0.0974780296875 0.39865535761589405 0.15070616406249998 0.3560717174392936 0.08914109375 0.2881190993377484 0.039760775 0.3270785982339956 0.0974780296875 0.39865535761589405
1 0.11351059999999999 0.2727165077262693 0.1718691578125 0.34066912362030904 0.2199668703125 0.2989915165562914 0.1590431015625 0.23738114569536423 0.11351059999999999 0.2727165077262693
2 0.17956479218750002 0.22379062030905078 0.24048856093749998 0.2890251324503311 0.2873036671875 0.2500656335540839 0.2250972921875 0.1884552582781457 0.17956479218750002 0.22379062030905078
3 0.24497768125000002 0.17577077041942607 0.3039775421875 0.23738114569536423 0.3482274359375 0.20113974834437084 0.28473845625 0.14315351434878587 0.24497768125000002 0.17577077041942607
4 0.30590145 0.131375059602649 0.3649013109375 0.19026733112582783 0.40402078281250003 0.15583800441501106 0.34437962031249997 0.1032879779249448 0.30590145 0.131375059602649
5 0.3610534921875 0.08697934878587196 0.422618565625 0.14224747902869758 0.459814128125 0.11234832671081678 0.3995316625 0.06070433995584989 0.3610534921875 0.08697934878587196
6 0.12248884062500001 0.42764847240618103 0.1911082421875 0.5082855805739515 0.244336378125 0.4629838344370861 0.17699958124999998 0.38597086975717443 0.12248884062500001 0.42764847240618103
7 0.2013690890625 0.36875620529801323 0.26485806875 0.44305106622516555 0.31039056875000004 0.39593725165562915 0.245618984375 0.3279846357615894 0.2013690890625 0.36875620529801323
8 0.2680645828125 0.3125820419426048 0.3315535625 0.38053465783664464 0.37836866874999997 0.3424811920529801 0.312314478125 0.2745285761589404 0.2680645828125 0.3125820419426048
9 0.3289883515625 0.26003201766004413 0.3969664515625 0.3270785982339956 0.43800983281250006 0.2890251324503311 0.373238246875 0.227414761589404 0.3289883515625 0.26003201766004413
10 0.391836028125 0.21110613245033114 0.45468370625 0.27362254083885207 0.4970096921875 0.23738114569536423 0.43223810625 0.18030094701986754 0.391836028125 0.21110613245033114
11 0.445705465625 0.164898353200883 0.5130422640625001 0.22560268874172187 0.548955221875 0.1911733642384106 0.4848249390625 0.13409316556291392 0.445705465625 0.164898353200883
12 0.2206081734375 0.5381847306843267 0.292434090625 0.6224459779249448 0.345020921875 0.5735200927152317 0.27062979375 0.4910709161147903 0.2206081734375 0.5381847306843267
13 0.29307539375 0.47113815011037524 0.3649013109375 0.5526812913907284 0.413640325 0.5037554061810154 0.3418144078125 0.42764847240618103 0.29307539375 0.47113815011037524
14 0.360412190625 0.41133984768211923 0.4335207125 0.4865407439293598 0.47905321250000005 0.44214503311258274 0.4078685984375 0.36966224061810155 0.360412190625 0.41133984768211923
15 0.4277489859375 0.3524475761589404 0.496368390625 0.42402433554083885 0.5386943765625001 0.3814406931567329 0.466868459375 0.3134880772626932 0.4277489859375 0.3524475761589404
16 0.48803145312499996 0.2980854812362031 0.5540856453125 0.36694413686534216 0.595129025 0.3261725651214128 0.5245857140625 0.26365615673289183 0.48803145312499996 0.2980854812362031
17 0.5393356796875 0.2482535629139073 0.6098789906250001 0.3134880772626932 0.6470745546875001 0.2745285761589404 0.5765312437500001 0.2147302715231788 0.5393356796875 0.2482535629139073
18 0.329511375 0.6576807902869757 0.4025332875 0.7479507041942605 0.4545613984375 0.6937887549668875 0.37515006875 0.6060979845474613 0.329511375 0.6576807902869757
25 0.3961438703125 0.5854648609271523 0.4755551984375 0.67186606401766 0.5230194406249999 0.6177041147902871 0.44452088593749994 0.5364611942604857 0.3961438703125 0.5854648609271523
19 0.4627763640625 0.517117642384106 0.5449260140625001 0.5957814238410596 0.585088065625 0.5454881854304635 0.50932783125 0.4719826843267108 0.4627763640625 0.517117642384106
20 0.527583309375 0.453928701986755 0.5266705359375 0.453928701986755 0.6015179953125 0.5274342030905077 0.6453311421875 0.4822992472406181 0.5695709078125 0.40879374613686537 0.527583309375 0.453928701986755
21 0.5878263859375 0.39202933554083885 0.6599355234375001 0.4642452626931567 0.7019231234375 0.42039987858719646 0.6243373421875 0.3533422273730684 0.5878263859375 0.39202933554083885
22 0.6396843671875 0.33503071523178807 0.71816806875 0.4029906821192053 0.7519244984375 0.3648377174392936 0.676816440625 0.2980700309050773 0.6396843671875 0.33503071523178807
23 0.4422092453125 0.7892894392935982 0.5257564109375 0.8942100905077263 0.5755471484375 0.8322115253863135 0.48946824843750003 0.7308677152317881 0.4422092453125 0.7892894392935982
24 0.508878196875 0.7082143929359823 0.6008644703125 0.8047890816777042 0.645591740625 0.7439827947019867 0.55866893125 0.6521772251655629 0.508878196875 0.7082143929359823
25 0.57723496875 0.6283316247240618 0.66331386875 0.721329472406181 0.707197228125 0.6664845894039736 0.6211183296875 0.5806404194260485 0.57723496875 0.6283316247240618