25 0.8475314375 0.36668168431372544 0.89113188125 0.44539345882352943 0.9377920046874999 0.4060375705882353 0.8903669609374999 0.3321252941176471 0.8475314375 0.36668168431372544
24 0.7993414734375001 0.4012380725490196 0.8452366765624999 0.4799498470588235 0.8880722000000001 0.44539345882352943 0.8429419171875001 0.3638019843137255 0.7993414734375001 0.4012380725490196
23 0.7901624328125 0.4021979725490196 0.7519164296875 0.4357944607843137 0.7970467125 0.5154661372549019 0.8414120765625 0.4828295450980392 0.7901624328125 0.4021979725490196
22 0.7412075484375 0.43771426078431375 0.7014317046875 0.47035085098039214 0.747326909375 0.5529022254901961 0.7924571921875 0.5193057352941177 0.7412075484375 0.43771426078431375
22 0.6945474234375 0.4732305490196078 0.64865221875 0.506827037254902 0.6930175843749999 0.5951378117647059 0.7427373875 0.5577017235294118 0.6945474234375 0.4732305490196078
20 0.64482761875 0.5116265392156862 0.595872734375 0.5461829274509804 0.6410030171875001 0.6335338 0.689192984375 0.5980175117647059 0.64482761875 0.5116265392156862
19 0.588988453125 0.5490626274509803 0.5461529296875 0.5788195176470587 0.58669369375 0.6767292862745098 0.6371784171875 0.6412129960784313 0.588988453125 0.5490626274509803
18 0.5385037296874999 0.5864987137254902 0.4880190046875 0.6220150039215686 0.5369738890625 0.7141653725490196 0.5836340125 0.6815287843137254 0.5385037296874999 0.5864987137254902
17 0.47807504375 0.6296942 0.4329447609375 0.6623307901960784 0.48036980468749996 0.7573608588235293 0.530854528125 0.7228044705882354 0.47807504375 0.6296942
16 0.42606047968749994 0.6642505901960785 0.371751153125 0.7016866764705882 0.4222358796875 0.7995964450980393 0.47272060312499997 0.7602405588235295 0.42606047968749994 0.6642505901960785
15 0.4138217578125 0.8139949411764706 0.364101953125 0.7093658745098039 0.3182067484375 0.7429623647058823 0.317441828125 0.7516014607843138 0.3648668734375 0.8475914294117648 0.4138217578125 0.8139949411764706
14 0.30979262812499997 0.7516014607843138 0.2562482234375 0.7871177490196078 0.3036732671875 0.8898270176470588 0.3579825921875 0.8533508294117648 0.30979262812499997 0.7516014607843138
13 0.2524236234375 0.7919172490196078 0.1927598578125 0.8312731352941176 0.2401849015625 0.9387819019607844 0.2983188265625 0.8955864156862745 0.2524236234375 0.7919172490196078
12 0.7939870328125 0.1938997392156863 0.7519164296875 0.2294160274509804 0.7978116328125 0.30428820392156863 0.8391173171874999 0.2678120156862745 0.7939870328125 0.1938997392156863
9 0.6547715796875 0.29276940784313726 0.6111711359374999 0.32540599607843135 0.6555364984375001 0.4089172705882353 0.703726465625 0.37148118235294114 0.6547715796875 0.29276940784313726
8 0.606581615625 0.3292455960784314 0.5599214906250001 0.35996238627450977 0.608876375 0.4444335588235294 0.6532417390624999 0.412756868627451 0.606581615625 0.3292455960784314
7 0.5094367671875 0.3964385745098039 0.55380213125 0.4809097470588235 0.599697334375 0.4482731568627451 0.5553319703125 0.3638019843137255 0.5094367671875 0.3964385745098039
6 0.4589520421875 0.43387466274509806 0.5002577265625 0.518345837254902 0.5461529296875 0.48378944509803923 0.504847246875 0.3964385745098039 0.4589520421875 0.43387466274509806
5 0.40234795625 0.46747115098039216 0.4459484015625 0.5586616235294117 0.4918436046875 0.518345837254902 0.45283268125 0.43195486274509803 0.40234795625 0.46747115098039216
4 0.34803863125 0.5029874392156862 0.391639075 0.5960977117647059 0.4382992 0.5615413235294118 0.395463675 0.47131074901960784 0.34803863125 0.5029874392156862
3 0.342684190625 0.508746837254902 0.29755390625 0.5413834294117646 0.34115435 0.6296942 0.38475479375 0.5999373098039216 0.342684190625 0.508746837254902
2 0.28608010625 0.5471428274509804 0.23789014218750001 0.5807393156862746 0.2814905859375 0.6719297862745098 0.3304454703125 0.6392931980392157 0.28608010625 0.5471428274509804
1 0.189700178125 0.6172155039215685 0.229476021875 0.7045663764705882 0.2761361453125 0.6728896862745098 0.233300621875 0.5816992156862746 0.189700178125 0.6172155039215685
0 0.129271490625 0.650811994117647 0.1705771765625 0.744882162745098 0.2202969796875 0.7093658745098039 0.1805211375 0.6172155039215685 0.129271490625 0.650811994117647
10 0.666672271875 0.28440024509803924 0.7118969328125 0.36729717843137255 0.7591541625 0.32967472549019605 0.71443764375 0.2550674843137255 0.666672271875 0.28440024509803924