9 0.0578125 0.5728900255754475 0.0578125 0.15601023017902813
10 0.1703125 0.5728900255754475 0.065625 0.1585677749360614
11 0.278125 0.5728900255754475 0.078125 0.1534526854219949
12 0.375 0.5754475703324808 0.0640625 0.1534526854219949
13 0.5 0.5754475703324808 0.06875 0.1585677749360614
14 0.6109375 0.5728900255754475 0.065625 0.16112531969309463
15 0.73125 0.5677749360613811 0.0703125 0.1534526854219949
16 0.8265625 0.5728900255754475 0.0671875 0.16112531969309463
17 0.928125 0.5728900255754475 0.0625 0.15601023017902813
18 0.10625 0.9156010230179028 0.065625 0.15601023017902813
19 0.21875 0.9181585677749361 0.06875 0.1585677749360614
20 0.328125 0.9181585677749361 0.0671875 0.15601023017902813
21 0.44921875 0.9245524296675192 0.0765625 0.15089514066496162
22 0.5625 0.9207161125319693 0.0671875 0.1585677749360614
23 0.665625 0.9207161125319693 0.0609375 0.1432225063938619
24 0.784375 0.9207161125319693 0.0703125 0.1534526854219949
25 0.89375 0.9130434782608695 0.059375 0.14066496163682865