0 0.1 0.21935483870967742 0.084375 0.15913978494623657
1 0.1984375 0.221505376344086 0.0859375 0.16344086021505377
2 0.2953125 0.221505376344086 0.0859375 0.16344086021505377
3 0.3953125 0.21935483870967742 0.0859375 0.16344086021505377
4 0.4953125 0.21935483870967742 0.078125 0.15698924731182795
5 0.5984375 0.21935483870967742 0.08125 0.16774193548387098
6 0.7 0.21935483870967742 0.0890625 0.17204301075268819
7 0.8 0.21935483870967742 0.0828125 0.16774193548387098
8 0.9015625 0.21505376344086022 0.0828125 0.17419354838709677
9 0.096875 0.5591397849462365 0.084375 0.16559139784946236
10 0.196875 0.5526881720430108 0.0859375 0.16559139784946236
11 0.3 0.5548387096774193 0.0859375 0.15913978494623657
12 0.3984375 0.5548387096774193 0.0890625 0.16559139784946236
13 0.5 0.5548387096774193 0.078125 0.16344086021505377
14 0.596875 0.5526881720430108 0.078125 0.15913978494623657
15 0.696875 0.5548387096774193 0.090625 0.16559139784946236
16 0.8 0.5548387096774193 0.0890625 0.16344086021505377
17 0.9046875 0.5634408602150538 0.0859375 0.17419354838709677
18 0.0921875 0.896774193548387 0.08125 0.16774193548387098
19 0.1921875 0.8903225806451613 0.08125 0.17419354838709677
20 0.2953125 0.8924731182795699 0.0828125 0.16559139784946236
21 0.39375 0.8924731182795699 0.084375 0.16774193548387098
23 0.5 0.896774193548387 0.078125 0.15698924731182795
24 0.5984375 0.8989247311827957 0.084375 0.15698924731182795
25 0.7 0.8946236559139785 0.0828125 0.15913978494623657
22 0.909375 0.8924731182795699 0.084375 0.17634408602150536