0 0.0515625 0.3434343434343434 0.0515625 0.2727272727272727
1 0.1296875 0.3333333333333333 0.0515625 0.2676767676767677
2 0.2046875 0.3333333333333333 0.05 0.25252525252525254
3 0.2796875 0.3282828282828283 0.0484375 0.24242424242424243
4 0.3546875 0.3282828282828283 0.046875 0.24242424242424243
5 0.4296875 0.3282828282828283 0.0484375 0.24242424242424243
6 0.5078125 0.3282828282828283 0.046875 0.23737373737373738
7 0.5796875 0.32323232323232326 0.046875 0.23737373737373738
8 0.65625 0.32323232323232326 0.0515625 0.24242424242424243
9 0.7296875 0.3181818181818182 0.0515625 0.23737373737373738
10 0.80625 0.32323232323232326 0.0484375 0.23737373737373738
11 0.88125 0.3282828282828283 0.0484375 0.24242424242424243
12 0.95625 0.32323232323232326 0.046875 0.24242424242424243
13 0.0515625 0.8131313131313131 0.05 0.2222222222222222
14 0.13125 0.8232323232323232 0.046875 0.22727272727272727
15 0.20625 0.8131313131313131 0.0515625 0.23232323232323232
16 0.2796875 0.8282828282828283 0.0484375 0.23737373737373738
17 0.3546875 0.8282828282828283 0.0484375 0.24242424242424243
18 0.43125 0.8232323232323232 0.05 0.2474747474747475
19 0.50625 0.8131313131313131 0.046875 0.24242424242424243
20 0.58125 0.8232323232323232 0.0484375 0.25252525252525254
21 0.6546875 0.8181818181818182 0.053125 0.25252525252525254
22 0.7296875 0.8282828282828283 0.05 0.25757575757575757
23 0.8046875 0.8232323232323232 0.053125 0.23232323232323232
24 0.878125 0.8232323232323232 0.05 0.23737373737373738
25 0.95625 0.8282828282828283 0.0515625 0.24242424242424243