0 0.128125 0.138671875 0.0703125 0.115234375
1 0.221875 0.138671875 0.071875 0.115234375
2 0.3125 0.13671875 0.0640625 0.12109375
3 0.40625 0.13671875 0.059375 0.125
4 0.5015625 0.138671875 0.0640625 0.115234375
5 0.59375 0.13671875 0.05625 0.115234375
6 0.6859375 0.138671875 0.059375 0.115234375
7 0.778125 0.138671875 0.05625 0.12109375
8 0.871875 0.13671875 0.059375 0.11328125
9 0.128125 0.369140625 0.05625 0.115234375
10 0.2234375 0.3671875 0.06875 0.115234375
11 0.3140625 0.3671875 0.06875 0.115234375
12 0.4078125 0.3671875 0.0640625 0.119140625
13 0.5015625 0.36328125 0.0609375 0.115234375
14 0.59375 0.3671875 0.0640625 0.126953125
15 0.6890625 0.365234375 0.065625 0.11328125
16 0.778125 0.36328125 0.0640625 0.11328125
17 0.871875 0.36328125 0.059375 0.107421875
18 0.171875 0.595703125 0.065625 0.11328125
19 0.2640625 0.595703125 0.06875 0.11328125
20 0.35625 0.59375 0.0640625 0.109375
21 0.446875 0.58984375 0.05625 0.10546875
22 0.5453125 0.58984375 0.0640625 0.11328125
23 0.6359375 0.59375 0.065625 0.115234375
24 0.7265625 0.595703125 0.065625 0.11328125
25 0.83125 0.59375 0.0609375 0.115234375