0 0.065625 0.27194860813704497 0.0703125 0.14346895074946467
1 0.16875 0.27194860813704497 0.06875 0.14346895074946467
2 0.278125 0.27194860813704497 0.0703125 0.145610278372591
3 0.3828125 0.2740899357601713 0.065625 0.14132762312633834
4 0.490625 0.2762312633832976 0.065625 0.14346895074946467
5 0.5953125 0.2762312633832976 0.0703125 0.14989293361884368
6 0.7015625 0.2762312633832976 0.071875 0.14989293361884368
7 0.80625 0.2762312633832976 0.0703125 0.14989293361884368
8 0.9125 0.2740899357601713 0.06875 0.1349036402569593
9 0.065625 0.5717344753747323 0.0703125 0.13704496788008566
10 0.171875 0.576017130620985 0.0703125 0.13704496788008566
11 0.278125 0.5717344753747323 0.071875 0.13704496788008566
12 0.3828125 0.576017130620985 0.071875 0.13704496788008566
13 0.4875 0.576017130620985 0.0703125 0.13704496788008566
14 0.59375 0.5738758029978587 0.0640625 0.14132762312633834
15 0.7015625 0.5717344753747323 0.071875 0.13704496788008566
16 0.8078125 0.5717344753747323 0.065625 0.13704496788008566
17 0.9140625 0.576017130620985 0.075 0.14989293361884368
18 0.065625 0.8565310492505354 0.06875 0.14132762312633834
19 0.1734375 0.8586723768736617 0.065625 0.13704496788008566
20 0.2765625 0.8629550321199143 0.065625 0.145610278372591
21 0.3828125 0.8586723768736617 0.06875 0.14346895074946467
22 0.490625 0.8586723768736617 0.071875 0.14346895074946467
23 0.596875 0.8565310492505354 0.06875 0.13704496788008566
24 0.703125 0.8586723768736617 0.0703125 0.13704496788008566
25 0.80625 0.854389721627409 0.075 0.12633832976445397