10 0.071875 0.4647887323943662 0.06875 0.15492957746478872
11 0.1671875 0.460093896713615 0.06875 0.15492957746478872
12 0.2625 0.460093896713615 0.06875 0.1572769953051643
13 0.35625 0.4671361502347418 0.065625 0.17370892018779344
14 0.45 0.4694835680751174 0.065625 0.16666666666666666
15 0.5453125 0.4647887323943662 0.06875 0.16666666666666666
16 0.6390625 0.4647887323943662 0.0625 0.1596244131455399
17 0.7359375 0.4671361502347418 0.071875 0.16901408450704225
18 0.83125 0.4624413145539906 0.0703125 0.1596244131455399
19 0.9265625 0.460093896713615 0.075 0.1619718309859155
20 0.259375 0.715962441314554 0.065625 0.16666666666666666
21 0.3546875 0.715962441314554 0.0640625 0.17370892018779344
22 0.45 0.7112676056338029 0.0703125 0.16666666666666666
23 0.5453125 0.7183098591549296 0.0625 0.1784037558685446
24 0.6390625 0.7136150234741784 0.0609375 0.16901408450704225
25 0.7359375 0.7136150234741784 0.0703125 0.16901408450704225