0 0.0640625 0.3165829145728643 0.046875 0.21105527638190955
1 0.1375 0.32663316582914576 0.04375 0.21105527638190955
2 0.2015625 0.32160804020100503 0.040625 0.21105527638190955
3 0.2765625 0.3165829145728643 0.046875 0.21105527638190955
4 0.35 0.32160804020100503 0.04375 0.19597989949748743
5 0.4234375 0.3165829145728643 0.046875 0.20100502512562815
6 0.5 0.3165829145728643 0.0453125 0.20100502512562815
7 0.5734375 0.31155778894472363 0.046875 0.20100502512562815
8 0.6484375 0.31155778894472363 0.046875 0.20100502512562815
9 0.7203125 0.3165829145728643 0.0453125 0.20603015075376885
10 0.80625 0.32160804020100503 0.046875 0.20100502512562815
11 0.88125 0.32160804020100503 0.0515625 0.19597989949748743
12 0.94375 0.32160804020100503 0.046875 0.19597989949748743
13 0.0546875 0.7939698492462312 0.04375 0.20100502512562815
14 0.128125 0.7939698492462312 0.0421875 0.19597989949748743
15 0.203125 0.7939698492462312 0.046875 0.21105527638190955
16 0.2765625 0.7939698492462312 0.0453125 0.21105527638190955
17 0.3515625 0.7989949748743719 0.0484375 0.20603015075376885
18 0.4234375 0.7939698492462312 0.0484375 0.20603015075376885
19 0.5 0.7939698492462312 0.046875 0.21105527638190955
20 0.5734375 0.7939698492462312 0.0453125 0.21105527638190955
21 0.6484375 0.7939698492462312 0.046875 0.19597989949748743
22 0.7234375 0.7889447236180904 0.0453125 0.20603015075376885
23 0.7953125 0.7939698492462312 0.0421875 0.21105527638190955
24 0.8703125 0.7939698492462312 0.046875 0.21105527638190955
25 0.94375 0.7989949748743719 0.046875 0.20603015075376885