2 0.2171875 0.36637931034482757 0.0390625 0.15086206896551724
3 0.2875 0.375 0.040625 0.16379310344827586
4 0.3578125 0.375 0.0390625 0.15948275862068967
5 0.4265625 0.375 0.0390625 0.16379310344827586
6 0.5 0.375 0.0390625 0.16379310344827586
7 0.56875 0.375 0.040625 0.16810344827586207
8 0.640625 0.3706896551724138 0.0390625 0.16810344827586207
9 0.7109375 0.3706896551724138 0.0390625 0.16379310344827586
12 0.9234375 0.3706896551724138 0.040625 0.16379310344827586
13 0.0765625 0.7629310344827587 0.0390625 0.16810344827586207
14 0.14375 0.7586206896551724 0.0390625 0.15948275862068967
15 0.215625 0.7586206896551724 0.040625 0.15948275862068967
16 0.2875 0.7586206896551724 0.0390625 0.15948275862068967
17 0.3578125 0.7586206896551724 0.0390625 0.16379310344827586
18 0.428125 0.7586206896551724 0.040625 0.1724137931034483
19 0.4984375 0.7586206896551724 0.040625 0.1724137931034483
20 0.56875 0.7586206896551724 0.0390625 0.15517241379310345
21 0.640625 0.7586206896551724 0.040625 0.16810344827586207
22 0.7109375 0.7586206896551724 0.0390625 0.1810344827586207
23 0.78125 0.7629310344827587 0.0421875 0.16810344827586207
24 0.853125 0.7629310344827587 0.0390625 0.16379310344827586
25 0.9234375 0.7629310344827587 0.0390625 0.15517241379310345