0 0.22608695652173913 0.103125 0.06304347826086956 0.071875
1 0.391304347826087 0.1015625 0.05434782608695652 0.065625
2 0.5521739130434783 0.1015625 0.05652173913043478 0.065625
3 0.717391304347826 0.1 0.05652173913043478 0.0625
4 0.22826086956521738 0.2203125 0.058695652173913045 0.0703125
5 0.3869565217391304 0.21875 0.06086956521739131 0.0671875
6 0.55 0.221875 0.06304347826086956 0.06875
7 0.7152173913043478 0.221875 0.06086956521739131 0.0734375
8 0.22608695652173913 0.3390625 0.06521739130434782 0.071875
9 0.39565217391304347 0.3390625 0.06304347826086956 0.0703125
10 0.558695652173913 0.3375 0.058695652173913045 0.0671875
11 0.7282608695652174 0.340625 0.06304347826086956 0.071875
12 0.22608695652173913 0.4546875 0.06086956521739131 0.0703125
13 0.3978260869565217 0.45625 0.06304347826086956 0.0703125
14 0.5608695652173913 0.459375 0.06521739130434782 0.071875
15 0.7304347826086957 0.45625 0.06304347826086956 0.0671875
16 0.2326086956521739 0.575 0.06521739130434782 0.065625
17 0.40652173913043477 0.575 0.06521739130434782 0.0671875
18 0.5739130434782609 0.575 0.06304347826086956 0.0734375
19 0.7391304347826086 0.575 0.06739130434782609 0.071875
20 0.22608695652173913 0.696875 0.06086956521739131 0.071875
21 0.38913043478260867 0.69375 0.058695652173913045 0.0703125
22 0.5521739130434783 0.6953125 0.06086956521739131 0.06875
23 0.7326086956521739 0.6953125 0.06086956521739131 0.06875
24 0.22608695652173913 0.8125 0.06304347826086956 0.0703125
25 0.3934782608695652 0.8140625 0.06739130434782609 0.0703125