14 0.3390625 0.1076388888888889 0.0265625 0.09027777777777778
14 0.7171875 0.11805555555555555 0.025 0.09027777777777778
17 0.93125 0.1076388888888889 0.0265625 0.09027777777777778
4 0.971875 0.2361111111111111 0.0265625 0.09027777777777778
18 0.7890625 0.24305555555555555 0.0234375 0.09027777777777778
15 0.71875 0.2465277777777778 0.025 0.08680555555555555
14 0.7546875 0.24305555555555555 0.0234375 0.08680555555555555
18 0.6140625 0.25 0.025 0.09027777777777778
24 0.546875 0.2465277777777778 0.0234375 0.08333333333333333
4 0.478125 0.24305555555555555 0.025 0.09027777777777778
13 0.1171875 0.3506944444444444 0.0265625 0.09375
14 0.1515625 0.3541666666666667 0.0265625 0.09027777777777778
19 0.1890625 0.3541666666666667 0.0265625 0.09375
4 0.2265625 0.3506944444444444 0.0265625 0.09375
1 0.2640625 0.3506944444444444 0.025 0.09375
14 0.3015625 0.3576388888888889 0.0265625 0.09027777777777778
14 0.3390625 0.3576388888888889 0.028125 0.09027777777777778
10 0.3734375 0.3611111111111111 0.025 0.09027777777777778
10 0.2 0.4861111111111111 0.0265625 0.10416666666666667
1 0.2984375 0.4895833333333333 0.0265625 0.09722222222222222
13 0.5828125 0.6319444444444444 0.0265625 0.09027777777777778
10 0.196875 0.625 0.0234375 0.09027777777777778
8 0.3703125 0.7638888888888888 0.025 0.09027777777777778
10 0.5484375 0.7638888888888888 0.025 0.09027777777777778
22 0.44375 0.7638888888888888 0.025 0.08680555555555555
19 0.6890625 0.7673611111111112 0.0265625 0.09027777777777778
18 0.725 0.7673611111111112 0.025 0.08680555555555555
8 0.7609375 0.7673611111111112 0.021875 0.08680555555555555
3 0.7953125 0.7638888888888888 0.0234375 0.09027777777777778
10 0.7578125 0.6354166666666666 0.0234375 0.09027777777777778
20 0.6515625 0.6319444444444444 0.0234375 0.08333333333333333
4 0.8328125 0.7638888888888888 0.0265625 0.08333333333333333
8 0.9421875 0.7673611111111112 0.021875 0.08333333333333333
14 0.9453125 0.9027777777777778 0.0234375 0.08680555555555555
11 0.9078125 0.9027777777777778 0.021875 0.09027777777777778
3 0.8359375 0.90625 0.0234375 0.09027777777777778
18 0.65625 0.8993055555555556 0.0234375 0.08680555555555555
8 0.6203125 0.9027777777777778 0.021875 0.08333333333333333
17 0.584375 0.8993055555555556 0.025 0.08680555555555555
24 0.409375 0.4965277777777778 0.0234375 0.09027777777777778