0 0.0453125 0.2719298245614035 0.034375 0.23684210526315788
1 0.1234375 0.2807017543859649 0.040625 0.23684210526315788
2 0.1953125 0.2807017543859649 0.03125 0.23684210526315788
3 0.26875 0.2807017543859649 0.0328125 0.2543859649122807
4 0.34375 0.2719298245614035 0.03125 0.23684210526315788
5 0.41875 0.2807017543859649 0.034375 0.23684210526315788
6 0.49375 0.2894736842105263 0.03125 0.2543859649122807
7 0.5671875 0.2807017543859649 0.03125 0.2894736842105263
8 0.64375 0.2719298245614035 0.0375 0.2631578947368421
9 0.715625 0.2982456140350877 0.0359375 0.30701754385964913
10 0.7921875 0.2982456140350877 0.0390625 0.3157894736842105
11 0.865625 0.2894736842105263 0.0328125 0.30701754385964913
12 0.9390625 0.2807017543859649 0.040625 0.30701754385964913
13 0.046875 0.6403508771929824 0.0375 0.3157894736842105
14 0.1203125 0.6491228070175439 0.0375 0.30701754385964913
15 0.196875 0.6491228070175439 0.0390625 0.3157894736842105
16 0.2703125 0.6578947368421053 0.034375 0.2894736842105263
17 0.3453125 0.6491228070175439 0.0328125 0.2982456140350877