1 0.125 0.0763888888888889 0.0359375 0.13194444444444445
8 0.1609375 0.0798611111111111 0.0359375 0.1388888888888889
11 0.2 0.08333333333333333 0.0390625 0.13541666666666666
11 0.240625 0.0798611111111111 0.0421875 0.14583333333333334
12 0.925 0.09027777777777778 0.0359375 0.125
4 0.9671875 0.09375 0.03125 0.1284722222222222
19 0.9671875 0.2569444444444444 0.0359375 0.125
0 0.9296875 0.2604166666666667 0.0375 0.1423611111111111
22 0.6265625 0.24305555555555555 0.0421875 0.13194444444444445
17 0.4953125 0.24305555555555555 0.034375 0.12152777777777778
14 0.409375 0.23958333333333334 0.0296875 0.11458333333333333
17 0.365625 0.23958333333333334 0.0390625 0.125
3 0.1984375 0.2465277777777778 0.0390625 0.13541666666666666
11 0.159375 0.24305555555555555 0.0390625 0.1388888888888889
14 0.1203125 0.2361111111111111 0.0359375 0.1284722222222222
17 0.15625 0.3993055555555556 0.040625 0.1423611111111111
12 0.2375 0.3958333333333333 0.046875 0.13194444444444445
2 0.409375 0.4027777777777778 0.0375 0.13541666666666666
11 0.625 0.40625 0.0375 0.1388888888888889
14 0.7546875 0.4027777777777778 0.0375 0.13541666666666666
8 0.8 0.40625 0.0390625 0.1284722222222222
18 0.8875 0.40625 0.0375 0.14930555555555555
4 0.9265625 0.5763888888888888 0.0375 0.13541666666666666
0 0.796875 0.5729166666666666 0.0375 0.13541666666666666
14 0.665625 0.5659722222222222 0.0390625 0.125
8 0.4515625 0.5625 0.03125 0.1388888888888889
11 0.409375 0.5590277777777778 0.0390625 0.1388888888888889
4 0.278125 0.5555555555555556 0.034375 0.1284722222222222
3 0.2359375 0.5625 0.0328125 0.13541666666666666
4 0.1515625 0.71875 0.0375 0.13194444444444445
10 0.58125 0.7256944444444444 0.0375 0.14583333333333334
0 0.66875 0.7361111111111112 0.0421875 0.125
11 0.8859375 0.7395833333333334 0.0359375 0.125
11 0.925 0.7361111111111112 0.0359375 0.1284722222222222
11 0.9234375 0.8923611111111112 0.03125 0.11805555555555555
4 0.88125 0.8958333333333334 0.0359375 0.125
4 0.84375 0.8993055555555556 0.040625 0.13541666666666666
14 0.6234375 0.8958333333333334 0.04375 0.13194444444444445