13 0.20625 0.09027777777777778 0.0296875 0.09722222222222222
4 0.2453125 0.09027777777777778 0.028125 0.09722222222222222
1 0.35625 0.08680555555555555 0.0265625 0.09027777777777778
17 0.43125 0.10069444444444445 0.028125 0.09375
18 0.4703125 0.10069444444444445 0.028125 0.09722222222222222
13 0.6171875 0.1076388888888889 0.028125 0.09722222222222222
24 0.725 0.12152777777777778 0.0296875 0.10069444444444445
2 0.053125 0.22916666666666666 0.0296875 0.09722222222222222
15 0.1265625 0.22569444444444445 0.0296875 0.09722222222222222
3 0.3546875 0.2326388888888889 0.028125 0.09375
14 0.43125 0.2326388888888889 0.0296875 0.10069444444444445
11 0.796875 0.2569444444444444 0.025 0.09027777777777778
8 0.7625 0.2569444444444444 0.025 0.09375
3 0.1953125 0.5104166666666666 0.0296875 0.1076388888888889
1 0.46875 0.5138888888888888 0.028125 0.10416666666666667
17 0.50625 0.5138888888888888 0.0296875 0.10416666666666667
4 0.659375 0.5173611111111112 0.028125 0.09375
4 0.190625 0.6597222222222222 0.03125 0.11805555555555555
24 0.2296875 0.6597222222222222 0.0296875 0.11458333333333333
4 0.26875 0.65625 0.0296875 0.1111111111111111
3 0.875 0.6701388888888888 0.0265625 0.10069444444444445
6 0.90625 0.6701388888888888 0.028125 0.09722222222222222