3 0.1 0.09722222222222222 0.0375 0.1388888888888889
13 0.184375 0.09375 0.034375 0.1388888888888889
7 0.26875 0.09722222222222222 0.04375 0.1388888888888889
19 0.359375 0.09722222222222222 0.04375 0.13541666666666666
0 0.4 0.10069444444444445 0.0375 0.1388888888888889
10 0.4453125 0.09722222222222222 0.05 0.14583333333333334
12 0.615625 0.10069444444444445 0.0421875 0.14583333333333334
14 0.7046875 0.1111111111111111 0.0421875 0.14583333333333334
15 0.7484375 0.1111111111111111 0.04375 0.1388888888888889
11 0.83125 0.1111111111111111 0.040625 0.1527777777777778
24 0.8765625 0.11458333333333333 0.0484375 0.1423611111111111
24 0.9140625 0.2777777777777778 0.0421875 0.14583333333333334
17 0.871875 0.2743055555555556 0.04375 0.14930555555555555
6 0.828125 0.2743055555555556 0.0390625 0.1527777777777778
13 0.7875 0.2708333333333333 0.04375 0.14583333333333334
0 0.74375 0.2708333333333333 0.040625 0.1423611111111111
10 0.659375 0.2673611111111111 0.04375 0.13541666666666666
14 0.6140625 0.2638888888888889 0.04375 0.1284722222222222
14 0.5734375 0.2708333333333333 0.0453125 0.12152777777777778
2 0.5296875 0.2638888888888889 0.0375 0.13541666666666666
4 0.359375 0.2708333333333333 0.040625 0.1388888888888889
3 0.3171875 0.2708333333333333 0.04375 0.1388888888888889
0 0.271875 0.2708333333333333 0.0375 0.1423611111111111
12 0.23125 0.2708333333333333 0.04375 0.1423611111111111
23 0.146875 0.2534722222222222 0.0421875 0.13541666666666666
3 0.065625 0.4131944444444444 0.0390625 0.1388888888888889
17 0.1078125 0.4166666666666667 0.0390625 0.13541666666666666
14 0.1484375 0.4166666666666667 0.0375 0.1388888888888889
21 0.1890625 0.4201388888888889 0.040625 0.13194444444444445
4 0.2328125 0.4201388888888889 0.04375 0.13541666666666666
12 0.3609375 0.4236111111111111 0.04375 0.13194444444444445
14 0.440625 0.4270833333333333 0.0359375 0.13541666666666666
13 0.4859375 0.4236111111111111 0.04375 0.1388888888888889
3 0.56875 0.4305555555555556 0.0375 0.14930555555555555
4 0.6109375 0.4340277777777778 0.0375 0.1388888888888889
2 0.653125 0.4305555555555556 0.0375 0.13541666666666666
10 0.6953125 0.4305555555555556 0.0375 0.1284722222222222
4 0.946875 0.59375 0.0375 0.13194444444444445
7 0.90625 0.5972222222222222 0.0390625 0.14583333333333334
11 0.696875 0.5902777777777778 0.0421875 0.125
11 0.653125 0.5902777777777778 0.0421875 0.125
4 0.6125 0.5868055555555556 0.0390625 0.1284722222222222
1 0.571875 0.5833333333333334 0.0453125 0.1284722222222222
19 0.403125 0.5798611111111112 0.0375 0.1388888888888889
0 0.3609375 0.5833333333333334 0.0375 0.1284722222222222
14 0.275 0.5763888888888888 0.0359375 0.1284722222222222
10 0.2375 0.5763888888888888 0.0390625 0.1284722222222222
18 0.1953125 0.5798611111111112 0.04375 0.13541666666666666
8 0.153125 0.5763888888888888 0.0390625 0.1388888888888889
3 0.1125 0.5763888888888888 0.0421875 0.1423611111111111
10 0.2375 0.7256944444444444 0.040625 0.1284722222222222
4 0.278125 0.7256944444444444 0.0390625 0.1284722222222222
4 0.31875 0.7256944444444444 0.0375 0.1284722222222222
15 0.359375 0.7256944444444444 0.0390625 0.1284722222222222
7 0.44375 0.7291666666666666 0.0328125 0.12152777777777778
6 0.56875 0.7361111111111112 0.0390625 0.1284722222222222
14 0.60625 0.7326388888888888 0.0375 0.1284722222222222