0 0.071875 0.1388888888888889 0.0390625 0.125
13 0.1109375 0.1284722222222222 0.0421875 0.1284722222222222
24 0.146875 0.13194444444444445 0.0375 0.1388888888888889
8 0.390625 0.12152777777777778 0.0375 0.1284722222222222
12 0.471875 0.1111111111111111 0.0390625 0.1284722222222222
1 0.5578125 0.11458333333333333 0.0421875 0.14583333333333334
4 0.5984375 0.11458333333333333 0.0375 0.14930555555555555
8 0.9109375 0.08680555555555555 0.0421875 0.1423611111111111
12 0.8671875 0.4201388888888889 0.04375 0.1388888888888889
4 0.8234375 0.4131944444444444 0.04375 0.1527777777777778
4 0.7765625 0.4131944444444444 0.0453125 0.1388888888888889
18 0.73125 0.4131944444444444 0.040625 0.1388888888888889
17 0.64375 0.4166666666666667 0.04375 0.1388888888888889
8 0.5984375 0.4166666666666667 0.0375 0.125
0 0.559375 0.4201388888888889 0.0453125 0.1388888888888889
10 0.4796875 0.4236111111111111 0.040625 0.1388888888888889
2 0.4359375 0.4236111111111111 0.0453125 0.14930555555555555
8 0.3953125 0.4305555555555556 0.0375 0.1388888888888889
4 0.1546875 0.4375 0.0375 0.125
11 0.115625 0.4375 0.0390625 0.13541666666666666
9 0.040625 0.4409722222222222 0.0421875 0.125
0 0.046875 0.5798611111111112 0.0296875 0.125
20 0.0828125 0.5833333333333334 0.04375 0.13541666666666666
18 0.1203125 0.5902777777777778 0.0375 0.125
4 0.15625 0.5868055555555556 0.0359375 0.125
18 0.196875 0.5833333333333334 0.0421875 0.13541666666666666
7 0.315625 0.5833333333333334 0.0375 0.13541666666666666
21 0.396875 0.5763888888888888 0.0375 0.1284722222222222
4 0.4359375 0.5798611111111112 0.0375 0.12152777777777778
24 0.475 0.5868055555555556 0.040625 0.13194444444444445
7 0.5578125 0.5833333333333334 0.0390625 0.13541666666666666
4 0.6 0.5798611111111112 0.04375 0.13194444444444445
3 0.6875 0.5833333333333334 0.0375 0.125
22 0.73125 0.7430555555555556 0.04375 0.125
4 0.690625 0.7395833333333334 0.0375 0.13541666666666666
13 0.64375 0.7395833333333334 0.0421875 0.13541666666666666
10 0.603125 0.7430555555555556 0.0390625 0.1388888888888889
4 0.51875 0.7361111111111112 0.04375 0.125
7 0.4796875 0.7361111111111112 0.0375 0.1284722222222222
17 0.2390625 0.7291666666666666 0.0328125 0.11805555555555555
8 0.2015625 0.7291666666666666 0.0375 0.125
18 0.1640625 0.7326388888888888 0.0375 0.13194444444444445
18 0.0875 0.7361111111111112 0.0375 0.11805555555555555
19 0.053125 0.8819444444444444 0.034375 0.125
12 0.1265625 0.8819444444444444 0.0375 0.1284722222222222
13 0.203125 0.8819444444444444 0.0375 0.1284722222222222
19 0.2390625 0.8784722222222222 0.0359375 0.12152777777777778
23 0.3984375 0.8854166666666666 0.0375 0.1388888888888889
2 0.4796875 0.8923611111111112 0.0390625 0.14583333333333334
0 0.51875 0.8958333333333334 0.0390625 0.1388888888888889
12 0.5609375 0.8958333333333334 0.04375 0.1423611111111111
4 0.603125 0.8958333333333334 0.0421875 0.13541666666666666
7 0.728125 0.8958333333333334 0.04375 0.1388888888888889
12 0.775 0.8958333333333334 0.0453125 0.1388888888888889