24 0.203125 0.11805555555555555 0.034375 0.125
18 0.24375 0.12152777777777778 0.0375 0.125
0 0.33125 0.11805555555555555 0.0328125 0.125
4 0.4625 0.11458333333333333 0.0375 0.13541666666666666
19 0.678125 0.11805555555555555 0.0359375 0.125
17 0.7203125 0.11805555555555555 0.040625 0.13194444444444445
14 0.6359375 0.2777777777777778 0.0375 0.11805555555555555
11 0.5921875 0.2743055555555556 0.0375 0.12152777777777778
15 0.33125 0.2708333333333333 0.0375 0.13541666666666666
12 0.290625 0.2743055555555556 0.0375 0.125
20 0.2453125 0.2777777777777778 0.0390625 0.12152777777777778
8 0.2015625 0.2777777777777778 0.034375 0.1388888888888889
17 0.1609375 0.2777777777777778 0.0359375 0.125
19 0.121875 0.2777777777777778 0.0390625 0.14583333333333334
0 0.1203125 0.4409722222222222 0.0375 0.1284722222222222
11 0.203125 0.4409722222222222 0.0390625 0.125
1 0.3734375 0.4444444444444444 0.034375 0.125
20 0.4609375 0.4444444444444444 0.03125 0.125
19 0.5046875 0.4409722222222222 0.0328125 0.13194444444444445
8 0.546875 0.4444444444444444 0.034375 0.1284722222222222
11 0.6328125 0.4375 0.034375 0.11458333333333333
18 0.8078125 0.4375 0.0328125 0.125
4 0.7671875 0.6006944444444444 0.0359375 0.125
8 0.721875 0.6006944444444444 0.03125 0.1284722222222222
2 0.590625 0.6041666666666666 0.034375 0.13194444444444445
19 0.3765625 0.6006944444444444 0.0375 0.125
5 0.290625 0.6041666666666666 0.0328125 0.1284722222222222
14 0.203125 0.6041666666666666 0.0390625 0.13194444444444445
2 0.1625 0.6041666666666666 0.0359375 0.13194444444444445