12 0.1984375 0.23958333333333334 0.034375 0.1284722222222222
0 0.240625 0.23958333333333334 0.034375 0.12152777777777778
13 0.28125 0.24305555555555555 0.0375 0.11805555555555555
20 0.328125 0.2465277777777778 0.034375 0.125
4 0.3734375 0.2534722222222222 0.034375 0.12152777777777778
11 0.4140625 0.2534722222222222 0.034375 0.12152777777777778
14 0.5359375 0.2638888888888889 0.03125 0.1111111111111111
14 0.5765625 0.2604166666666667 0.0296875 0.11805555555555555
10 0.6171875 0.2673611111111111 0.03125 0.11458333333333333
1 0.3265625 0.3958333333333333 0.034375 0.11805555555555555
11 0.3671875 0.3993055555555556 0.034375 0.125
0 0.4109375 0.4027777777777778 0.0328125 0.11458333333333333
13 0.4515625 0.4027777777777778 0.034375 0.125
2 0.49375 0.40625 0.034375 0.1076388888888889
14 0.5375 0.40625 0.0359375 0.12152777777777778
13 0.321875 0.5486111111111112 0.034375 0.11805555555555555
13 0.3640625 0.5520833333333334 0.0359375 0.11805555555555555
22 0.5390625 0.5590277777777778 0.0359375 0.12152777777777778
17 0.6234375 0.5590277777777778 0.034375 0.13541666666666666
18 0.6640625 0.5590277777777778 0.0359375 0.12152777777777778
1 0.271875 0.7118055555555556 0.0359375 0.11805555555555555
17 0.315625 0.7152777777777778 0.0359375 0.125
8 0.3625 0.71875 0.0390625 0.12152777777777778
2 0.40625 0.71875 0.0359375 0.12152777777777778
10 0.45 0.71875 0.0359375 0.12152777777777778
5 0.1296875 0.8888888888888888 0.0390625 0.13541666666666666
4 0.1734375 0.8923611111111112 0.0390625 0.13541666666666666
4 0.2203125 0.8888888888888888 0.0390625 0.1388888888888889
13 0.628125 0.8923611111111112 0.0375 0.1388888888888889
4 0.58125 0.7222222222222222 0.0359375 0.12152777777777778
14 0.58125 0.5590277777777778 0.0390625 0.12152777777777778
2 0.6546875 0.125 0.0296875 0.1111111111111111
0 0.69375 0.125 0.0328125 0.1111111111111111
15 0.7359375 0.125 0.0328125 0.1076388888888889
19 0.778125 0.1284722222222222 0.0328125 0.11458333333333333
0 0.815625 0.125 0.0328125 0.11458333333333333
18 0.8953125 0.1284722222222222 0.03125 0.1111111111111111
7 0.7828125 0.2673611111111111 0.0359375 0.1076388888888889
3 0.8625 0.2708333333333333 0.0359375 0.11805555555555555
18 0.7046875 0.4097222222222222 0.03125 0.1111111111111111
3 0.7453125 0.4097222222222222 0.0328125 0.1111111111111111
19 0.8734375 0.4131944444444444 0.0375 0.125
14 0.9140625 0.4166666666666667 0.034375 0.12152777777777778
12 0.953125 0.4166666666666667 0.0328125 0.11458333333333333
4 0.709375 0.5625 0.0359375 0.11805555555555555
0 0.834375 0.5694444444444444 0.0296875 0.12152777777777778
13 0.878125 0.5694444444444444 0.040625 0.11805555555555555
19 0.9640625 0.5659722222222222 0.0375 0.11805555555555555
5 0.7578125 0.7256944444444444 0.0375 0.11805555555555555
8 0.928125 0.7291666666666666 0.0359375 0.11805555555555555
1 0.96875 0.7256944444444444 0.0359375 0.12152777777777778
0 0.7609375 0.8854166666666666 0.034375 0.11805555555555555
3 0.809375 0.8923611111111112 0.0359375 0.11805555555555555
18 0.9375 0.8923611111111112 0.0375 0.13194444444444445