13 0.2796875 0.0798611111111111 0.0375 0.13194444444444445
11 0.375 0.08680555555555555 0.0328125 0.1284722222222222
13 0.228125 0.2569444444444444 0.0375 0.1388888888888889
7 0.46875 0.2638888888888889 0.0359375 0.125
13 0.5609375 0.2673611111111111 0.0328125 0.125
15 0.7453125 0.2708333333333333 0.0421875 0.125
22 0.178125 0.4375 0.034375 0.1388888888888889
4 0.225 0.4375 0.0375 0.1423611111111111
7 0.325 0.4409722222222222 0.0390625 0.1388888888888889
0 0.4234375 0.4409722222222222 0.0390625 0.13541666666666666
13 0.515625 0.4479166666666667 0.0375 0.13194444444444445
4 0.5625 0.4444444444444444 0.0375 0.13541666666666666
22 0.609375 0.4479166666666667 0.0375 0.1284722222222222
13 0.7 0.4513888888888889 0.0375 0.1388888888888889
4 0.746875 0.4513888888888889 0.0375 0.1388888888888889
8 0.7921875 0.4513888888888889 0.03125 0.13194444444444445
1 0.8828125 0.4479166666666667 0.03125 0.13194444444444445
14 0.928125 0.4479166666666667 0.0375 0.1388888888888889
17 0.9734375 0.4513888888888889 0.0375 0.13194444444444445
18 0.0328125 0.6180555555555556 0.0375 0.125
4 0.128125 0.6180555555555556 0.0359375 0.125
18 0.2265625 0.6180555555555556 0.0390625 0.13194444444444445
4 0.4234375 0.6215277777777778 0.0375 0.1388888888888889
15 0.7953125 0.6284722222222222 0.040625 0.1423611111111111
2 0.8859375 0.6284722222222222 0.034375 0.1388888888888889
8 0.93125 0.6319444444444444 0.03125 0.1423611111111111
19 0.028125 0.8055555555555556 0.034375 0.125
22 0.075 0.8055555555555556 0.0359375 0.1388888888888889
24 0.221875 0.8055555555555556 0.03125 0.13194444444444445
5 0.3234375 0.8055555555555556 0.0328125 0.13541666666666666
21 0.421875 0.8055555555555556 0.03125 0.125
4 0.6109375 0.8020833333333334 0.0375 0.1284722222222222
5 0.934375 0.8020833333333334 0.0375 0.1423611111111111