19 0.05625 0.09027777777777778 0.0390625 0.1284722222222222
17 0.284375 0.09375 0.0375 0.11805555555555555
0 0.5171875 0.09375 0.034375 0.11805555555555555
2 0.6078125 0.09027777777777778 0.034375 0.11805555555555555
11 0.6546875 0.09722222222222222 0.034375 0.11805555555555555
8 0.7 0.09722222222222222 0.0375 0.12152777777777778
2 0.74375 0.10069444444444445 0.0328125 0.125
11 0.6546875 0.2708333333333333 0.0375 0.125
11 0.6125 0.2708333333333333 0.0390625 0.13194444444444445
4 0.5640625 0.2673611111111111 0.0421875 0.1388888888888889
1 0.51875 0.2708333333333333 0.0375 0.13194444444444445
19 0.3328125 0.2638888888888889 0.040625 0.13541666666666666
0 0.2859375 0.2673611111111111 0.0375 0.13194444444444445
24 0.19375 0.2638888888888889 0.04375 0.13541666666666666
11 0.146875 0.2604166666666667 0.040625 0.1388888888888889
17 0.053125 0.2604166666666667 0.0390625 0.13194444444444445
0 0.146875 0.4375 0.0390625 0.13541666666666666
13 0.33125 0.4375 0.0375 0.13541666666666666
24 0.3765625 0.4375 0.0375 0.125
12 0.4703125 0.4409722222222222 0.0328125 0.125
20 0.5609375 0.4409722222222222 0.0359375 0.13541666666666666
19 0.60625 0.4375 0.0359375 0.13541666666666666
2 0.91875 0.6111111111111112 0.034375 0.12152777777777778
0 0.8765625 0.6180555555555556 0.0359375 0.1388888888888889
4 0.7453125 0.6180555555555556 0.0375 0.125
12 0.7 0.6111111111111112 0.0359375 0.11805555555555555
0 0.653125 0.6145833333333334 0.0375 0.125
2 0.609375 0.6111111111111112 0.0375 0.1284722222222222
22 0.5171875 0.6111111111111112 0.0375 0.13541666666666666
17 0.425 0.6111111111111112 0.0359375 0.1284722222222222
25 0.190625 0.6145833333333334 0.040625 0.1284722222222222
11 0.1 0.6111111111111112 0.0375 0.13541666666666666
0 0.1453125 0.7847222222222222 0.03125 0.1284722222222222
18 0.378125 0.78125 0.0375 0.11805555555555555
3 0.4234375 0.78125 0.0328125 0.125
3 0.5609375 0.7847222222222222 0.0359375 0.125
13 0.653125 0.7847222222222222 0.0359375 0.125
0 0.878125 0.9444444444444444 0.040625 0.1076388888888889
20 0.7453125 0.9444444444444444 0.0375 0.1111111111111111
3 0.6546875 0.9479166666666666 0.0328125 0.10069444444444445
6 0.5171875 0.9479166666666666 0.0375 0.10416666666666667
0 0.2828125 0.9444444444444444 0.0359375 0.1111111111111111
7 0.240625 0.9513888888888888 0.0359375 0.09722222222222222
13 0.0578125 0.9444444444444444 0.0390625 0.1111111111111111