19 0.7203125 0.1076388888888889 0.028125 0.10416666666666667
19 0.3875 0.24305555555555555 0.0328125 0.1111111111111111
6 0.6390625 0.2569444444444444 0.03125 0.125
1 0.8828125 0.2638888888888889 0.0328125 0.10416666666666667
18 0.096875 0.4027777777777778 0.0328125 0.11805555555555555
18 0.1359375 0.4027777777777778 0.0328125 0.11805555555555555
24 0.178125 0.4027777777777778 0.0328125 0.125
18 0.34375 0.4027777777777778 0.034375 0.12152777777777778
4 0.5109375 0.4097222222222222 0.0328125 0.1284722222222222
11 0.6390625 0.5659722222222222 0.0296875 0.1076388888888889
4 0.928125 0.5763888888888888 0.03125 0.11805555555555555
0 0.0953125 0.7152777777777778 0.0359375 0.11458333333333333
11 0.134375 0.7152777777777778 0.0359375 0.11458333333333333
11 0.175 0.71875 0.0375 0.11805555555555555
3 0.5109375 0.71875 0.0328125 0.11458333333333333
8 0.553125 0.7222222222222222 0.034375 0.11458333333333333
18 0.5984375 0.7256944444444444 0.0328125 0.11805555555555555
14 0.6828125 0.7291666666666666 0.034375 0.13194444444444445
14 0.8921875 0.7291666666666666 0.0296875 0.1076388888888889
11 0.96875 0.7291666666666666 0.0296875 0.1111111111111111
0 0.3828125 0.8888888888888888 0.0390625 0.11805555555555555
19 0.4671875 0.8854166666666666 0.0328125 0.11458333333333333
2 0.728125 0.8958333333333334 0.034375 0.1284722222222222
18 0.85625 0.8958333333333334 0.0328125 0.11805555555555555