17 0.121875 0.10416666666666667 0.040625 0.13194444444444445
14 0.246875 0.09722222222222222 0.0359375 0.1111111111111111
3 0.465625 0.09722222222222222 0.03125 0.11805555555555555
8 0.509375 0.09722222222222222 0.03125 0.11805555555555555
14 0.640625 0.09722222222222222 0.0375 0.1284722222222222
3 0.7734375 0.09375 0.0375 0.1284722222222222
7 0.8625 0.10069444444444445 0.0328125 0.125
20 0.246875 0.2638888888888889 0.0375 0.125
4 0.11875 0.2604166666666667 0.0375 0.125
11 0.2 0.4236111111111111 0.0375 0.125
13 0.465625 0.4236111111111111 0.034375 0.125
2 0.784375 0.5972222222222222 0.0375 0.1388888888888889
8 0.6453125 0.59375 0.034375 0.1284722222222222
3 0.6 0.5902777777777778 0.0375 0.1388888888888889
13 0.509375 0.5902777777777778 0.0375 0.125
17 0.240625 0.5868055555555556 0.0375 0.1284722222222222
20 0.1953125 0.5902777777777778 0.0359375 0.125
11 0.153125 0.5868055555555556 0.0390625 0.1284722222222222
13 0.0265625 0.5833333333333334 0.034375 0.125
7 0.1921875 0.7569444444444444 0.0375 0.13194444444444445
20 0.3734375 0.7604166666666666 0.0375 0.1284722222222222
17 0.7375 0.7638888888888888 0.034375 0.125
8 0.784375 0.7638888888888888 0.0390625 0.13194444444444445
3 0.8265625 0.7673611111111112 0.0328125 0.125
0 0.91875 0.9375 0.0296875 0.125
13 0.41875 0.9305555555555556 0.0375 0.13194444444444445
0 0.371875 0.9340277777777778 0.0375 0.13194444444444445
12 0.2375 0.9305555555555556 0.0375 0.1388888888888889
12 0.021875 0.9236111111111112 0.0359375 0.125