2 0.1484375 0.10069444444444445 0.0359375 0.125
19 0.228125 0.09722222222222222 0.0328125 0.12152777777777778
17 0.26875 0.09375 0.034375 0.12152777777777778
24 0.3109375 0.09027777777777778 0.0359375 0.12152777777777778
6 0.1453125 0.2534722222222222 0.034375 0.125
14 0.184375 0.2534722222222222 0.034375 0.13541666666666666
2 0.3109375 0.24305555555555555 0.0375 0.125
17 0.3515625 0.24305555555555555 0.0328125 0.125
14 0.3921875 0.24305555555555555 0.0375 0.12152777777777778
18 0.4359375 0.2465277777777778 0.034375 0.125
18 0.478125 0.2465277777777778 0.0359375 0.13194444444444445
2 0.5609375 0.23958333333333334 0.0390625 0.12152777777777778
19 0.6453125 0.23958333333333334 0.0359375 0.1284722222222222
17 0.6875 0.23958333333333334 0.0359375 0.11805555555555555
24 0.73125 0.24305555555555555 0.0390625 0.125
18 0.809375 0.2465277777777778 0.0375 0.11805555555555555
10 0.853125 0.25 0.0328125 0.1388888888888889
8 0.8921875 0.24305555555555555 0.03125 0.1284722222222222
13 0.1796875 0.3993055555555556 0.0375 0.125
20 0.221875 0.3958333333333333 0.03125 0.11805555555555555
20 0.13125 0.7222222222222222 0.0328125 0.1284722222222222
12 0.2578125 0.8854166666666666 0.034375 0.13194444444444445
24 0.3015625 0.8854166666666666 0.0375 0.13541666666666666
3 0.3921875 0.8784722222222222 0.0421875 0.14930555555555555
0 0.4359375 0.8784722222222222 0.0390625 0.1423611111111111
3 0.4796875 0.8784722222222222 0.0375 0.14583333333333334
21 0.565625 0.875 0.04375 0.14583333333333334
14 0.6109375 0.875 0.040625 0.14583333333333334
11 0.653125 0.8784722222222222 0.0359375 0.14930555555555555
20 0.6984375 0.8784722222222222 0.046875 0.1527777777777778
13 0.7421875 0.8784722222222222 0.0359375 0.13541666666666666
19 0.7859375 0.875 0.0375 0.13194444444444445
4 0.8265625 0.875 0.0390625 0.13541666666666666