24 0.0359375 0.10416666666666667 0.0390625 0.1388888888888889
18 0.11875 0.09722222222222222 0.040625 0.1284722222222222
19 0.2078125 0.10069444444444445 0.0421875 0.1284722222222222
0 0.2515625 0.10069444444444445 0.0390625 0.125
2 0.29375 0.10416666666666667 0.0359375 0.125
10 0.3359375 0.10416666666666667 0.0375 0.1284722222222222
11 0.38125 0.10416666666666667 0.0390625 0.125
4 0.4234375 0.1076388888888889 0.0359375 0.1284722222222222
1 0.553125 0.1111111111111111 0.0359375 0.1284722222222222
2 0.8078125 0.125 0.0375 0.1284722222222222
17 0.890625 0.12152777777777778 0.040625 0.1284722222222222
8 0.93125 0.125 0.0375 0.125
4 0.9703125 0.125 0.0390625 0.1284722222222222
7 0.596875 0.2743055555555556 0.0375 0.13194444444444445
19 0.4671875 0.2708333333333333 0.0375 0.13194444444444445
13 0.425 0.2743055555555556 0.040625 0.13541666666666666
20 0.38125 0.2708333333333333 0.0359375 0.125
22 0.29375 0.2708333333333333 0.0375 0.12152777777777778
0 0.25 0.2673611111111111 0.0375 0.13194444444444445
11 0.20625 0.2604166666666667 0.0375 0.125
0 0.1203125 0.2638888888888889 0.0390625 0.13541666666666666
24 0.159375 0.4270833333333333 0.0359375 0.125
7 0.2453125 0.4305555555555556 0.0375 0.1284722222222222
4 0.290625 0.4305555555555556 0.0359375 0.13194444444444445
3 0.3796875 0.4305555555555556 0.040625 0.13541666666666666
2 0.5921875 0.4375 0.0375 0.125
17 0.6359375 0.4375 0.034375 0.125
0 0.678125 0.4375 0.034375 0.12152777777777778
2 0.85 0.4409722222222222 0.0359375 0.12152777777777778
17 0.890625 0.4444444444444444 0.034375 0.1284722222222222
0 0.93125 0.4479166666666667 0.03125 0.13194444444444445
1 0.93125 0.6006944444444444 0.0375 0.1284722222222222
11 0.721875 0.6006944444444444 0.0359375 0.12152777777777778
14 0.6796875 0.5972222222222222 0.0328125 0.125
21 0.6375 0.6006944444444444 0.0375 0.125
0 0.38125 0.59375 0.0375 0.125
11 0.1578125 0.5902777777777778 0.0375 0.125
20 0.0296875 0.5868055555555556 0.0375 0.125
6 0.1140625 0.7534722222222222 0.0375 0.13194444444444445
11 0.15625 0.7534722222222222 0.0375 0.1284722222222222
24 0.2890625 0.7534722222222222 0.0359375 0.125
0 0.4625 0.7604166666666666 0.0328125 0.125
11 0.55 0.7569444444444444 0.0359375 0.11805555555555555
9 0.721875 0.7604166666666666 0.0359375 0.125
7 0.8078125 0.7569444444444444 0.0375 0.13541666666666666
3 0.9328125 0.9201388888888888 0.0359375 0.1388888888888889
3 0.55 0.9236111111111112 0.0359375 0.1284722222222222
0 0.509375 0.9236111111111112 0.0375 0.13541666666666666
3 0.465625 0.9236111111111112 0.0359375 0.13541666666666666
4 0.115625 0.9166666666666666 0.0375 0.1388888888888889