18 0.3828125 0.08680555555555555 0.0359375 0.1111111111111111
18 0.4734375 0.08680555555555555 0.034375 0.11805555555555555
17 0.565625 0.09027777777777778 0.0359375 0.12152777777777778
18 0.6125 0.09375 0.0359375 0.12152777777777778
9 0.7015625 0.09375 0.0359375 0.11805555555555555
4 0.7484375 0.09722222222222222 0.0359375 0.125
18 0.79375 0.10069444444444445 0.0375 0.12152777777777778
18 0.96875 0.1076388888888889 0.0328125 0.11805555555555555
3 0.428125 0.2534722222222222 0.0359375 0.11458333333333333
8 0.4734375 0.2638888888888889 0.034375 0.11458333333333333
20 0.65625 0.2638888888888889 0.034375 0.125
15 0.1515625 0.4236111111111111 0.0375 0.11805555555555555
13 0.24375 0.4270833333333333 0.0359375 0.11458333333333333
18 0.3359375 0.4305555555555556 0.0359375 0.11805555555555555
11 0.5640625 0.4340277777777778 0.034375 0.1111111111111111
11 0.609375 0.4340277777777778 0.0359375 0.1111111111111111
20 0.79375 0.4375 0.034375 0.11805555555555555
11 0.8390625 0.4375 0.040625 0.11805555555555555
3 0.0640625 0.5902777777777778 0.0359375 0.1284722222222222
14 0.1078125 0.59375 0.0359375 0.1388888888888889
24 0.334375 0.6006944444444444 0.0359375 0.1284722222222222
3 0.4265625 0.5972222222222222 0.034375 0.1284722222222222
20 0.471875 0.5972222222222222 0.034375 0.125
19 0.515625 0.5972222222222222 0.034375 0.125
24 0.5625 0.6006944444444444 0.034375 0.125
12 0.746875 0.6041666666666666 0.0359375 0.12152777777777778
0 0.3796875 0.7673611111111112 0.0328125 0.11458333333333333
8 0.4265625 0.7673611111111112 0.034375 0.11805555555555555
1 0.671875 0.7708333333333334 0.0328125 0.1111111111111111
13 0.878125 0.7777777777777778 0.0359375 0.12152777777777778
6 0.9234375 0.7777777777777778 0.03125 0.11805555555555555
19 0.065625 0.9305555555555556 0.0328125 0.12152777777777778
8 0.10625 0.9305555555555556 0.0328125 0.1111111111111111
11 0.196875 0.9409722222222222 0.0390625 0.11458333333333333
15 0.3328125 0.9409722222222222 0.0375 0.11458333333333333
13 0.425 0.9409722222222222 0.0375 0.11805555555555555
17 0.5171875 0.9444444444444444 0.0359375 0.1111111111111111
0 0.60625 0.9409722222222222 0.0328125 0.11458333333333333
15 0.6515625 0.9409722222222222 0.034375 0.11458333333333333
4 0.74375 0.9409722222222222 0.034375 0.11458333333333333