1 0.1046875 0.09722222222222222 0.0359375 0.1388888888888889
11 0.14375 0.09722222222222222 0.040625 0.1388888888888889
0 0.184375 0.10069444444444445 0.040625 0.1388888888888889
13 0.225 0.09722222222222222 0.040625 0.13194444444444445
10 0.26875 0.09722222222222222 0.04375 0.125
4 0.3125 0.09722222222222222 0.04375 0.1284722222222222
19 0.3515625 0.1111111111111111 0.034375 0.1076388888888889
18 0.39375 0.1111111111111111 0.0296875 0.11458333333333333
13 0.5140625 0.13194444444444445 0.0328125 0.10416666666666667
22 0.6328125 0.1423611111111111 0.0359375 0.1284722222222222
13 0.7109375 0.1388888888888889 0.0359375 0.11805555555555555
4 0.746875 0.1423611111111111 0.034375 0.125
3 0.86875 0.14583333333333334 0.03125 0.11458333333333333
14 0.2671875 0.2569444444444444 0.0375 0.12152777777777778
7 0.3078125 0.2569444444444444 0.0390625 0.12152777777777778
8 0.434375 0.2638888888888889 0.03125 0.1111111111111111
5 0.471875 0.2673611111111111 0.0390625 0.12152777777777778
23 0.553125 0.2777777777777778 0.0375 0.12152777777777778
8 0.6328125 0.2881944444444444 0.034375 0.1284722222222222
18 0.66875 0.2916666666666667 0.0375 0.11805555555555555
13 0.7078125 0.2916666666666667 0.0359375 0.12152777777777778
19 0.7875 0.2951388888888889 0.0359375 0.125
11 0.86875 0.2986111111111111 0.0359375 0.13194444444444445
11 0.909375 0.2986111111111111 0.04375 0.1284722222222222
7 0.265625 0.4097222222222222 0.0390625 0.125
20 0.3046875 0.4097222222222222 0.0359375 0.125
8 0.55 0.4270833333333333 0.0375 0.1111111111111111
18 0.7078125 0.4409722222222222 0.0359375 0.11805555555555555
19 0.2578125 0.5625 0.0375 0.11805555555555555
4 0.346875 0.5625 0.0375 0.125
19 0.6265625 0.5763888888888888 0.0375 0.11458333333333333
24 0.7078125 0.5833333333333334 0.0375 0.12152777777777778
18 0.7859375 0.5833333333333334 0.0328125 0.1111111111111111
15 0.8671875 0.5902777777777778 0.0328125 0.1111111111111111
14 0.946875 0.59375 0.03125 0.1111111111111111
7 0.25625 0.7152777777777778 0.0375 0.1423611111111111
20 0.3 0.7152777777777778 0.04375 0.1388888888888889
7 0.3421875 0.71875 0.0421875 0.13541666666666666
19 0.5109375 0.7222222222222222 0.0375 0.13194444444444445
17 0.5484375 0.71875 0.0375 0.125
4 0.5875 0.7222222222222222 0.0359375 0.125
1 0.6265625 0.7222222222222222 0.0390625 0.1284722222222222
8 0.984375 0.7430555555555556 0.03125 0.12152777777777778
9 0.1234375 0.8784722222222222 0.0390625 0.1388888888888889
14 0.1640625 0.875 0.0390625 0.13194444444444445
7 0.209375 0.8819444444444444 0.0359375 0.13541666666666666
13 0.2546875 0.8819444444444444 0.04375 0.1388888888888889
18 0.3 0.8784722222222222 0.040625 0.1423611111111111
14 0.3390625 0.8819444444444444 0.0375 0.1388888888888889
13 0.3859375 0.8784722222222222 0.04375 0.1423611111111111
8 0.590625 0.8819444444444444 0.0375 0.1388888888888889
12 0.6671875 0.8819444444444444 0.0390625 0.1284722222222222
19 0.865625 0.8888888888888888 0.0375 0.11805555555555555