20 0.1640625 0.09722222222222222 0.034375 0.125
19 0.2515625 0.09375 0.0359375 0.11805555555555555
4 0.828125 0.09027777777777778 0.034375 0.12152777777777778
19 0.871875 0.09027777777777778 0.0375 0.125
10 0.915625 0.2638888888888889 0.034375 0.12152777777777778
2 0.871875 0.2604166666666667 0.034375 0.1284722222222222
24 0.34375 0.2638888888888889 0.0359375 0.125
12 0.209375 0.2604166666666667 0.0359375 0.12152777777777778
14 0.165625 0.2638888888888889 0.0375 0.11458333333333333
18 0.165625 0.4305555555555556 0.0328125 0.12152777777777778
4 0.209375 0.4305555555555556 0.0375 0.125
21 0.253125 0.4305555555555556 0.0375 0.12152777777777778
2 0.3890625 0.4236111111111111 0.03125 0.11458333333333333
3 0.478125 0.4270833333333333 0.0328125 0.125
5 0.7875 0.4270833333333333 0.034375 0.125
0 0.8296875 0.4236111111111111 0.03125 0.1284722222222222
8 0.871875 0.4270833333333333 0.034375 0.12152777777777778
17 0.915625 0.4236111111111111 0.034375 0.12152777777777778
18 0.959375 0.4236111111111111 0.0328125 0.125
2 0.9203125 0.5868055555555556 0.034375 0.13194444444444445
17 0.834375 0.5902777777777778 0.034375 0.12152777777777778
0 0.565625 0.5902777777777778 0.03125 0.12152777777777778
4 0.4359375 0.5972222222222222 0.0359375 0.12152777777777778
6 0.346875 0.5972222222222222 0.0375 0.1284722222222222
22 0.0828125 0.6006944444444444 0.0328125 0.125
3 0.0828125 0.7638888888888888 0.034375 0.1284722222222222
17 0.121875 0.7638888888888888 0.034375 0.13541666666666666
14 0.165625 0.7673611111111112 0.0328125 0.1284722222222222
15 0.2125 0.7638888888888888 0.0375 0.125
15 0.2546875 0.7673611111111112 0.0328125 0.12152777777777778
18 0.390625 0.7638888888888888 0.0375 0.11805555555555555
20 0.434375 0.7638888888888888 0.0328125 0.125
4 0.878125 0.75 0.0359375 0.125
15 0.8375 0.9201388888888888 0.0359375 0.125
0 0.3015625 0.9305555555555556 0.03125 0.12152777777777778
11 0.16875 0.9340277777777778 0.034375 0.12152777777777778
8 0.125 0.9340277777777778 0.0375 0.1284722222222222