22 0.184375 0.10416666666666667 0.0390625 0.125
4 0.228125 0.10069444444444445 0.0390625 0.13541666666666666
11 0.2734375 0.09722222222222222 0.0421875 0.1423611111111111
11 0.3234375 0.09375 0.04375 0.1388888888888889
23 0.4671875 0.08680555555555555 0.0390625 0.1388888888888889
12 0.559375 0.08333333333333333 0.0390625 0.1284722222222222
8 0.6078125 0.08333333333333333 0.0375 0.13194444444444445
19 0.703125 0.08333333333333333 0.040625 0.125
7 0.7953125 0.08333333333333333 0.0359375 0.11805555555555555
5 0.271875 0.2604166666666667 0.0359375 0.1284722222222222
8 0.321875 0.2604166666666667 0.0375 0.13194444444444445
21 0.3703125 0.2604166666666667 0.0375 0.13194444444444445
4 0.4171875 0.2604166666666667 0.0390625 0.13541666666666666
7 0.5140625 0.2569444444444444 0.0375 0.13194444444444445
20 0.5625 0.2569444444444444 0.0375 0.13541666666666666
13 0.6125 0.2569444444444444 0.034375 0.13541666666666666
3 0.659375 0.2534722222222222 0.040625 0.1423611111111111
17 0.70625 0.25 0.0375 0.13541666666666666
17 0.9390625 0.2569444444444444 0.0390625 0.13541666666666666
18 0.9828125 0.2604166666666667 0.0328125 0.1284722222222222
5 0.1296875 0.4513888888888889 0.0390625 0.13541666666666666
8 0.2234375 0.4479166666666667 0.0359375 0.13194444444444445
11 0.36875 0.4409722222222222 0.0375 0.1388888888888889
4 0.46875 0.4375 0.0421875 0.14930555555555555
4 0.7140625 0.4305555555555556 0.0390625 0.1284722222222222
24 0.7625 0.4305555555555556 0.0390625 0.1388888888888889
14 0.8578125 0.4305555555555556 0.04375 0.1423611111111111
5 0.2203125 0.6284722222222222 0.04375 0.1423611111111111
17 0.3140625 0.6284722222222222 0.040625 0.13541666666666666
6 0.4671875 0.6180555555555556 0.0375 0.13541666666666666
17 0.5171875 0.6215277777777778 0.0390625 0.14583333333333334
17 0.565625 0.6180555555555556 0.0375 0.14583333333333334
3 0.61875 0.6215277777777778 0.0421875 0.1527777777777778
4 0.66875 0.6180555555555556 0.0390625 0.14930555555555555
19 0.76875 0.6180555555555556 0.040625 0.1388888888888889
22 0.3109375 0.8194444444444444 0.0390625 0.1527777777777778
4 0.3609375 0.8194444444444444 0.0421875 0.14930555555555555
11 0.4125 0.8159722222222222 0.0421875 0.15625
11 0.465625 0.8194444444444444 0.0421875 0.1527777777777778
6 0.775 0.8090277777777778 0.040625 0.1527777777777778
20 0.825 0.8125 0.0390625 0.14583333333333334
4 0.8734375 0.8090277777777778 0.040625 0.14583333333333334
18 0.9203125 0.8055555555555556 0.040625 0.14930555555555555
18 0.9671875 0.8090277777777778 0.0375 0.1388888888888889