7 0.1625 0.0798611111111111 0.034375 0.125
13 0.253125 0.0763888888888889 0.034375 0.12152777777777778
19 0.3453125 0.08333333333333333 0.0359375 0.11805555555555555
20 0.390625 0.08680555555555555 0.034375 0.1284722222222222
7 0.6078125 0.09375 0.0328125 0.125
24 0.778125 0.10416666666666667 0.034375 0.125
4 0.8984375 0.1076388888888889 0.03125 0.1076388888888889
0 0.071875 0.23958333333333334 0.034375 0.12152777777777778
4 0.3421875 0.2465277777777778 0.0328125 0.12152777777777778
0 0.4765625 0.25 0.03125 0.1111111111111111
13 0.5203125 0.2534722222222222 0.03125 0.11458333333333333
0 0.69375 0.2569444444444444 0.0328125 0.1076388888888889
3 0.7359375 0.2569444444444444 0.03125 0.1111111111111111
4 0.778125 0.2604166666666667 0.0328125 0.1111111111111111
19 0.0265625 0.4131944444444444 0.0296875 0.12152777777777778
13 0.1609375 0.4131944444444444 0.0328125 0.11458333333333333
18 0.3890625 0.4166666666666667 0.0328125 0.1111111111111111
7 0.778125 0.4236111111111111 0.034375 0.11805555555555555
3 0.859375 0.4236111111111111 0.0296875 0.11458333333333333
19 0.971875 0.4340277777777778 0.0265625 0.10416666666666667
18 0.1171875 0.5798611111111112 0.034375 0.12152777777777778
18 0.3890625 0.5798611111111112 0.03125 0.11458333333333333
8 0.34375 0.5763888888888888 0.0328125 0.11458333333333333
6 0.6078125 0.5798611111111112 0.03125 0.1111111111111111
4 0.65 0.5833333333333334 0.03125 0.1111111111111111
19 0.7359375 0.5868055555555556 0.034375 0.11805555555555555
15 0.028125 0.7465277777777778 0.034375 0.12152777777777778
13 0.2984375 0.75 0.0359375 0.11458333333333333
24 0.821875 0.75 0.03125 0.11458333333333333
13 0.1171875 0.9131944444444444 0.0359375 0.12152777777777778
16 0.253125 0.9166666666666666 0.0328125 0.11458333333333333
20 0.2984375 0.9166666666666666 0.0359375 0.12152777777777778
18 0.478125 0.9131944444444444 0.03125 0.11458333333333333
2 0.6078125 0.9097222222222222 0.0328125 0.11458333333333333
0 0.940625 0.8993055555555556 0.03125 0.1111111111111111
1 0.978125 0.8993055555555556 0.034375 0.11458333333333333