20 0.309375 0.08333333333333333 0.03125 0.10416666666666667
24 0.4203125 0.09027777777777778 0.03125 0.1076388888888889
3 0.6421875 0.09375 0.0296875 0.10069444444444445
14 0.7875 0.09722222222222222 0.0296875 0.10416666666666667
8 0.3453125 0.21875 0.028125 0.09027777777777778
1 0.68125 0.2326388888888889 0.0328125 0.09375
18 0.3453125 0.3611111111111111 0.028125 0.09722222222222222
19 0.49375 0.3645833333333333 0.03125 0.09722222222222222
14 0.8265625 0.3715277777777778 0.0296875 0.09722222222222222
24 0.2328125 0.5034722222222222 0.03125 0.09722222222222222
7 0.3453125 0.5034722222222222 0.0328125 0.10069444444444445
18 0.6421875 0.5069444444444444 0.0296875 0.10069444444444445
17 0.865625 0.5138888888888888 0.0296875 0.10069444444444445
11 0.196875 0.6423611111111112 0.0328125 0.10069444444444445
20 0.23125 0.6423611111111112 0.03125 0.10069444444444445
12 0.2671875 0.6423611111111112 0.03125 0.09722222222222222
1 0.3046875 0.6423611111111112 0.0296875 0.10069444444444445
0 0.9359375 0.6527777777777778 0.0296875 0.10069444444444445
12 0.759375 0.65625 0.0390625 0.1111111111111111
3 0.45625 0.7847222222222222 0.0328125 0.10416666666666667
18 0.2671875 0.9305555555555556 0.03125 0.1076388888888889
0 0.4203125 0.9305555555555556 0.0359375 0.11805555555555555
8 0.6828125 0.9340277777777778 0.0296875 0.11458333333333333
8 0.9046875 0.9375 0.03125 0.1076388888888889