3 0.078125 0.1909722222222222 0.034375 0.12152777777777778
17 0.1203125 0.1909722222222222 0.0390625 0.12152777777777778
0 0.1625 0.1909722222222222 0.0328125 0.11458333333333333
11 0.25 0.19791666666666666 0.0359375 0.11805555555555555
0 0.421875 0.3576388888888889 0.034375 0.1111111111111111
7 0.725 0.3680555555555556 0.0359375 0.12152777777777778
18 0.9828125 0.375 0.0328125 0.11805555555555555
7 0.11875 0.5173611111111112 0.034375 0.125
24 0.2921875 0.5173611111111112 0.034375 0.11805555555555555
14 0.678125 0.53125 0.034375 0.1284722222222222
17 0.721875 0.53125 0.0359375 0.11805555555555555
0 0.9390625 0.53125 0.0359375 0.1111111111111111
11 0.0765625 0.6770833333333334 0.040625 0.11805555555555555
8 0.1171875 0.6770833333333334 0.0328125 0.11805555555555555
5 0.1609375 0.6770833333333334 0.0359375 0.11805555555555555
13 0.2046875 0.6770833333333334 0.0328125 0.1111111111111111
5 0.334375 0.6805555555555556 0.034375 0.1111111111111111
0 0.3765625 0.6805555555555556 0.034375 0.11805555555555555
3 0.7640625 0.6875 0.034375 0.1111111111111111
11 0.9390625 0.6979166666666666 0.0375 0.12152777777777778
24 0.11875 0.8368055555555556 0.0359375 0.125
11 0.3328125 0.84375 0.034375 0.11805555555555555
18 0.4203125 0.84375 0.0359375 0.11805555555555555
20 0.546875 0.8472222222222222 0.034375 0.12152777777777778
20 0.7203125 0.8576388888888888 0.034375 0.125
8 0.89375 0.8576388888888888 0.034375 0.1111111111111111