17 0.0609375 0.09722222222222222 0.03125 0.11458333333333333
4 0.0984375 0.09375 0.0296875 0.1111111111111111
1 0.140625 0.09027777777777778 0.0328125 0.11805555555555555
4 0.1796875 0.08680555555555555 0.0328125 0.12152777777777778
0 0.2640625 0.0763888888888889 0.0328125 0.11805555555555555
18 0.3515625 0.0625 0.034375 0.12152777777777778
12 0.39375 0.0625 0.034375 0.11805555555555555
8 0.4375 0.059027777777777776 0.0328125 0.11458333333333333
11 0.4796875 0.059027777777777776 0.0375 0.11458333333333333
19 0.1796875 0.2361111111111111 0.034375 0.11805555555555555
12 0.2640625 0.22916666666666666 0.03125 0.12152777777777778
22 0.3515625 0.2222222222222222 0.0328125 0.1284722222222222
14 0.3953125 0.21875 0.0328125 0.1284722222222222
13 0.440625 0.21875 0.0359375 0.1388888888888889
19 0.575 0.2048611111111111 0.0359375 0.1284722222222222
0 0.09375 0.4027777777777778 0.0328125 0.10416666666666667
5 0.1328125 0.3958333333333333 0.0328125 0.1111111111111111
4 0.175 0.3958333333333333 0.0328125 0.1111111111111111
19 0.21875 0.3993055555555556 0.03125 0.11805555555555555
8 0.309375 0.3888888888888889 0.0328125 0.11458333333333333
0 0.3515625 0.3854166666666667 0.0328125 0.11805555555555555
17 0.4859375 0.3819444444444444 0.0359375 0.13541666666666666
4 0.5296875 0.3784722222222222 0.034375 0.125
1 0.5765625 0.3784722222222222 0.0359375 0.13541666666666666
4 0.6203125 0.375 0.0390625 0.13194444444444445
12 0.046875 0.5729166666666666 0.028125 0.11805555555555555
18 0.0890625 0.5729166666666666 0.03125 0.11805555555555555
18 0.215625 0.5590277777777778 0.0328125 0.12152777777777778
20 0.2625 0.5625 0.03125 0.1284722222222222
18 0.3046875 0.5590277777777778 0.0375 0.1284722222222222
15 0.35 0.5555555555555556 0.034375 0.13541666666666666
8 0.396875 0.5555555555555556 0.0328125 0.1284722222222222
2 0.4421875 0.5555555555555556 0.0359375 0.13541666666666666
8 0.4875 0.5486111111111112 0.034375 0.1388888888888889
18 0.58125 0.5451388888888888 0.034375 0.1388888888888889
19 0.0421875 0.7395833333333334 0.0328125 0.11805555555555555
4 0.0859375 0.7395833333333334 0.03125 0.13541666666666666
2 0.128125 0.7430555555555556 0.0328125 0.13194444444444445
19 0.171875 0.7395833333333334 0.0359375 0.1284722222222222
4 0.215625 0.7326388888888888 0.0359375 0.11805555555555555
21 0.259375 0.7326388888888888 0.0328125 0.12152777777777778
4 0.30625 0.7326388888888888 0.0359375 0.13541666666666666
19 0.4421875 0.7291666666666666 0.0375 0.14930555555555555
17 0.4875 0.71875 0.040625 0.1423611111111111
4 0.5328125 0.7222222222222222 0.0359375 0.1388888888888889
1 0.5796875 0.71875 0.0359375 0.13194444444444445
4 0.0421875 0.9097222222222222 0.0296875 0.125
18 0.16875 0.9097222222222222 0.034375 0.1284722222222222
15 0.2125 0.9097222222222222 0.034375 0.1388888888888889
24 0.25625 0.9097222222222222 0.0359375 0.125
17 0.4890625 0.90625 0.0359375 0.1388888888888889
8 0.534375 0.90625 0.0390625 0.14930555555555555
21 0.584375 0.9027777777777778 0.0421875 0.14930555555555555
4 0.63125 0.90625 0.0375 0.1423611111111111
1 0.809375 0.3611111111111111 0.0359375 0.1284722222222222
17 0.85625 0.3611111111111111 0.0375 0.1284722222222222
12 0.76875 0.5347222222222222 0.0375 0.1284722222222222
0 0.815625 0.5347222222222222 0.034375 0.13541666666666666
24 0.8640625 0.5381944444444444 0.0421875 0.1423611111111111
1 0.909375 0.5347222222222222 0.0375 0.1388888888888889
4 0.9546875 0.5277777777777778 0.0390625 0.1423611111111111
14 0.728125 0.8923611111111112 0.0390625 0.1423611111111111
13 0.778125 0.8958333333333334 0.0375 0.1388888888888889