4 0.3125 0.1111111111111111 0.03125 0.11458333333333333
15 0.3546875 0.11458333333333333 0.0328125 0.12152777777777778
14 0.396875 0.12152777777777778 0.0328125 0.12152777777777778
17 0.4390625 0.12152777777777778 0.03125 0.11805555555555555
19 0.48125 0.125 0.034375 0.11805555555555555
4 0.809375 0.14583333333333334 0.03125 0.11458333333333333
15 0.0578125 0.2673611111111111 0.03125 0.12152777777777778
19 0.059375 0.4270833333333333 0.03125 0.11458333333333333
11 0.4390625 0.4375 0.0328125 0.11805555555555555
11 0.48125 0.4409722222222222 0.0359375 0.11458333333333333
12 0.5609375 0.4409722222222222 0.034375 0.11805555555555555
24 0.603125 0.4444444444444444 0.03125 0.11805555555555555
14 0.309375 0.5902777777777778 0.03125 0.1076388888888889
13 0.353125 0.5902777777777778 0.0328125 0.1111111111111111
0 0.1015625 0.7395833333333334 0.0296875 0.1076388888888889
24 0.1421875 0.7395833333333334 0.0328125 0.11458333333333333
11 0.4765625 0.75 0.034375 0.1111111111111111
11 0.51875 0.9027777777777778 0.034375 0.11458333333333333