1 0.1234375 0.1875 0.0359375 0.125
8 0.1671875 0.1909722222222222 0.0359375 0.13541666666666666
10 0.2125 0.1909722222222222 0.040625 0.13541666666666666
4 0.2578125 0.1875 0.0421875 0.13541666666666666
17 0.4390625 0.1875 0.040625 0.1423611111111111
4 0.484375 0.1909722222222222 0.040625 0.14930555555555555
1 0.53125 0.1909722222222222 0.0375 0.13541666666666666
4 0.578125 0.19791666666666666 0.040625 0.1388888888888889
0 0.6671875 0.1840277777777778 0.0390625 0.14583333333333334
18 0.7640625 0.18055555555555555 0.0421875 0.1388888888888889
7 0.85625 0.1840277777777778 0.04375 0.1527777777777778
18 0.9484375 0.1840277777777778 0.0421875 0.1423611111111111
18 0.2984375 0.3541666666666667 0.040625 0.13541666666666666
19 0.3921875 0.3576388888888889 0.0390625 0.14583333333333334
18 0.4390625 0.3611111111111111 0.0421875 0.13194444444444445
8 0.578125 0.3541666666666667 0.040625 0.1423611111111111
6 0.6703125 0.3506944444444444 0.0421875 0.1527777777777778
13 0.959375 0.3506944444444444 0.04375 0.1423611111111111
1 0.109375 0.5208333333333334 0.040625 0.1423611111111111
8 0.15625 0.5277777777777778 0.040625 0.14583333333333334
10 0.203125 0.5208333333333334 0.0421875 0.1527777777777778
4 0.253125 0.5243055555555556 0.0484375 0.14583333333333334
12 0.4375 0.5173611111111112 0.0390625 0.1388888888888889
0 0.4828125 0.5173611111111112 0.0359375 0.1388888888888889
3 0.5296875 0.5208333333333334 0.0421875 0.1423611111111111
4 0.578125 0.5173611111111112 0.0453125 0.14930555555555555
11 0.6265625 0.5208333333333334 0.0421875 0.14583333333333334
24 0.6734375 0.5243055555555556 0.0390625 0.1527777777777778
13 0.721875 0.5243055555555556 0.04375 0.14930555555555555
18 0.8203125 0.5208333333333334 0.0453125 0.1527777777777778
7 0.9171875 0.5208333333333334 0.04375 0.14930555555555555
23 0.1515625 0.7013888888888888 0.0390625 0.1527777777777778
18 0.2421875 0.6979166666666666 0.04375 0.14583333333333334
20 0.3390625 0.6979166666666666 0.0453125 0.1527777777777778
15 0.384375 0.6944444444444444 0.040625 0.14930555555555555
7 0.434375 0.6979166666666666 0.040625 0.13541666666666666
4 0.4828125 0.6979166666666666 0.0390625 0.14583333333333334
11 0.528125 0.7013888888888888 0.0390625 0.1388888888888889
11 0.5765625 0.7048611111111112 0.0421875 0.1701388888888889
14 0.8203125 0.7048611111111112 0.040625 0.14930555555555555
11 0.8703125 0.7048611111111112 0.0421875 0.1597222222222222
4 0.9234375 0.7048611111111112 0.046875 0.16666666666666666
13 0.2859375 0.8854166666666666 0.0390625 0.1423611111111111
14 0.3359375 0.8854166666666666 0.0390625 0.15625
11 0.38125 0.8819444444444444 0.0390625 0.14930555555555555
3 0.43125 0.8819444444444444 0.0421875 0.1527777777777778
8 0.678125 0.8854166666666666 0.0390625 0.13541666666666666
7 0.7765625 0.8888888888888888 0.0453125 0.14930555555555555
21 0.9296875 0.8888888888888888 0.0484375 0.1597222222222222