1 0.0484375 0.13194444444444445 0.0359375 0.1284722222222222
11 0.0953125 0.13194444444444445 0.0421875 0.1284722222222222
0 0.1375 0.1284722222222222 0.0375 0.1284722222222222
13 0.184375 0.1284722222222222 0.0390625 0.125
10 0.234375 0.1284722222222222 0.040625 0.125
12 0.328125 0.13194444444444445 0.0390625 0.13194444444444445
3 0.4234375 0.13194444444444445 0.0390625 0.12152777777777778
7 0.6125 0.1388888888888889 0.0375 0.1388888888888889
4 0.659375 0.13541666666666666 0.0390625 0.13541666666666666
18 0.7546875 0.1388888888888889 0.0375 0.11805555555555555
3 0.8015625 0.1388888888888889 0.0359375 0.125
7 0.8921875 0.1423611111111111 0.0359375 0.13194444444444445
4 0.9375 0.14583333333333334 0.034375 0.13194444444444445
3 0.0484375 0.3055555555555556 0.0359375 0.12152777777777778
17 0.090625 0.3055555555555556 0.0359375 0.12152777777777778
12 0.184375 0.3055555555555556 0.0375 0.13194444444444445
13 0.471875 0.3159722222222222 0.0359375 0.13194444444444445
7 0.5640625 0.3159722222222222 0.0359375 0.125
4 0.6125 0.3159722222222222 0.0359375 0.1284722222222222
22 0.7078125 0.3125 0.0375 0.125
13 0.8 0.3159722222222222 0.0359375 0.125
19 0.846875 0.3159722222222222 0.0359375 0.12152777777777778
4 0.5640625 0.4861111111111111 0.034375 0.12152777777777778
11 0.6109375 0.4895833333333333 0.0359375 0.11805555555555555
11 0.659375 0.4895833333333333 0.034375 0.11458333333333333
12 0.8015625 0.4895833333333333 0.034375 0.11805555555555555
3 0.184375 0.6631944444444444 0.0375 0.13194444444444445
8 0.2328125 0.6597222222222222 0.0375 0.13541666666666666
18 0.2796875 0.6631944444444444 0.040625 0.125
14 0.375 0.6631944444444444 0.0390625 0.1284722222222222
22 0.51875 0.6631944444444444 0.034375 0.12152777777777778
11 0.70625 0.6631944444444444 0.040625 0.125
18 0.9375 0.6666666666666666 0.034375 0.12152777777777778
17 0.0921875 0.8333333333333334 0.0375 0.125
4 0.1375 0.8368055555555556 0.0359375 0.13194444444444445
4 0.184375 0.8368055555555556 0.0390625 0.13194444444444445
14 0.278125 0.8402777777777778 0.0375 0.1284722222222222
17 0.328125 0.84375 0.0390625 0.13541666666666666
5 0.421875 0.8402777777777778 0.0390625 0.13194444444444445
17 0.5171875 0.8368055555555556 0.0375 0.125
3 0.6578125 0.8402777777777778 0.0375 0.1284722222222222
18 0.7046875 0.8402777777777778 0.0359375 0.1284722222222222