22 0.2625 0.21180555555555555 0.034375 0.12152777777777778
19 0.7765625 0.3020833333333333 0.0265625 0.10416666666666667
14 0.9703125 0.3402777777777778 0.0265625 0.10069444444444445
4 0.1359375 0.3298611111111111 0.034375 0.11805555555555555
1 0.2171875 0.3402777777777778 0.0375 0.11805555555555555
18 0.4140625 0.375 0.0296875 0.1111111111111111
19 0.525 0.3923611111111111 0.03125 0.1076388888888889
15 0.596875 0.4027777777777778 0.0265625 0.1076388888888889
10 0.1296875 0.4791666666666667 0.0375 0.11805555555555555
22 0.371875 0.5173611111111112 0.03125 0.1111111111111111
0 0.5203125 0.5347222222222222 0.0296875 0.10416666666666667
20 0.7 0.5555555555555556 0.028125 0.1076388888888889
4 0.246875 0.6458333333333334 0.03125 0.1284722222222222