18 0.2671875 0.059027777777777776 0.034375 0.11805555555555555
18 0.7203125 0.05555555555555555 0.0375 0.1111111111111111
19 0.884375 0.06597222222222222 0.03125 0.1284722222222222
14 0.91875 0.06944444444444445 0.0296875 0.11458333333333333
24 0.178125 0.2152777777777778 0.0375 0.1284722222222222
11 0.134375 0.2222222222222222 0.0328125 0.1284722222222222
18 0.0890625 0.22569444444444445 0.0375 0.13194444444444445
0 0.3140625 0.21875 0.03125 0.125
3 0.409375 0.2152777777777778 0.034375 0.125
14 0.45 0.2152777777777778 0.0390625 0.125
17 0.496875 0.2152777777777778 0.0390625 0.1284722222222222
4 0.6765625 0.21180555555555555 0.0375 0.12152777777777778
4 0.8078125 0.2152777777777778 0.0375 0.125
3 0.6796875 0.3854166666666667 0.0375 0.125
18 0.6328125 0.3888888888888889 0.0375 0.13194444444444445
18 0.453125 0.3888888888888889 0.0375 0.125
13 0.2234375 0.3854166666666667 0.040625 0.13194444444444445
4 0.1328125 0.3888888888888889 0.0375 0.1388888888888889
10 0.090625 0.3923611111111111 0.0390625 0.1284722222222222
4 0.315625 0.5590277777777778 0.034375 0.125
3 0.40625 0.5555555555555556 0.0375 0.13194444444444445
8 0.6359375 0.5520833333333334 0.0390625 0.13541666666666666
11 0.7703125 0.5520833333333334 0.0390625 0.13541666666666666
11 0.54375 0.7256944444444444 0.0328125 0.13541666666666666
0 0.3171875 0.7291666666666666 0.0390625 0.125
3 0.1328125 0.7326388888888888 0.0375 0.1388888888888889
0 0.0453125 0.7361111111111112 0.0328125 0.1284722222222222
21 0.090625 0.9027777777777778 0.040625 0.1388888888888889
8 0.1328125 0.9027777777777778 0.0328125 0.1388888888888889
24 0.221875 0.9027777777777778 0.0390625 0.1388888888888889
17 0.4546875 0.9027777777777778 0.040625 0.1388888888888889
11 0.5921875 0.8958333333333334 0.0328125 0.1388888888888889
18 0.7296875 0.8958333333333334 0.0359375 0.1388888888888889