12 0.14375 0.11805555555555555 0.034375 0.11458333333333333
4 0.184375 0.12152777777777778 0.034375 0.1111111111111111
14 0.30625 0.125 0.034375 0.125
14 0.515625 0.1284722222222222 0.034375 0.125
12 0.8046875 0.1284722222222222 0.0390625 0.1388888888888889
22 0.809375 0.2916666666666667 0.0359375 0.125
0 0.765625 0.2847222222222222 0.03125 0.12152777777777778
3 0.725 0.2847222222222222 0.0375 0.125
17 0.346875 0.2708333333333333 0.0375 0.12152777777777778
19 0.1828125 0.28125 0.0375 0.1388888888888889
0 0.14375 0.2777777777777778 0.0359375 0.13194444444444445
8 0.0203125 0.4236111111111111 0.03125 0.12152777777777778
18 0.0984375 0.4270833333333333 0.0375 0.13194444444444445
18 0.2234375 0.4270833333333333 0.040625 0.13194444444444445
0 0.3875 0.4375 0.0328125 0.125
12 0.4296875 0.4375 0.0375 0.1284722222222222
12 0.471875 0.4375 0.0421875 0.1284722222222222
8 0.7265625 0.4375 0.0375 0.125
24 0.890625 0.4444444444444444 0.034375 0.1284722222222222
0 0.6421875 0.5972222222222222 0.0359375 0.1284722222222222
12 0.346875 0.59375 0.0375 0.12152777777777778
18 0.30625 0.5902777777777778 0.034375 0.125
11 0.21875 0.5798611111111112 0.0328125 0.1388888888888889
4 0.1375 0.5798611111111112 0.0375 0.13541666666666666
0 0.0171875 0.5833333333333334 0.0328125 0.1284722222222222
11 0.09375 0.7465277777777778 0.0328125 0.125
11 0.1328125 0.7430555555555556 0.034375 0.1388888888888889
8 0.3046875 0.7430555555555556 0.0359375 0.125
4 0.3890625 0.7465277777777778 0.0390625 0.1388888888888889
18 0.515625 0.7534722222222222 0.0359375 0.13541666666666666
2 0.6859375 0.75 0.03125 0.1284722222222222
4 0.85625 0.7604166666666666 0.0328125 0.125
19 0.975 0.9166666666666666 0.03125 0.13541666666666666
0 0.934375 0.9201388888888888 0.03125 0.13194444444444445
11 0.775 0.9201388888888888 0.0359375 0.13541666666666666
0 0.7296875 0.9236111111111112 0.0328125 0.13541666666666666
12 0.6 0.9131944444444444 0.0375 0.13194444444444445
17 0.5578125 0.9131944444444444 0.040625 0.125
14 0.5171875 0.9131944444444444 0.040625 0.125
12 0.3015625 0.90625 0.0359375 0.13541666666666666
11 0.1359375 0.9027777777777778 0.0359375 0.1284722222222222
4 0.09375 0.9027777777777778 0.034375 0.1388888888888889
4 0.0578125 0.9027777777777778 0.0390625 0.1527777777777778