7 0.0734375 0.11458333333333333 0.0359375 0.12152777777777778
14 0.109375 0.11458333333333333 0.0375 0.13541666666666666
17 0.1484375 0.1076388888888889 0.04375 0.1388888888888889
8 0.228125 0.10069444444444445 0.0375 0.13541666666666666
19 0.4015625 0.10416666666666667 0.040625 0.1388888888888889
2 0.484375 0.09375 0.0375 0.12152777777777778
19 0.528125 0.09722222222222222 0.0359375 0.125
18 0.615625 0.09027777777777778 0.0390625 0.125
0 0.875 0.08333333333333333 0.040625 0.13541666666666666
1 0.9546875 0.09722222222222222 0.0390625 0.1284722222222222
2 0.95625 0.2569444444444444 0.040625 0.13541666666666666
0 0.8765625 0.2569444444444444 0.0421875 0.13194444444444445
5 0.834375 0.2604166666666667 0.034375 0.125
18 0.70625 0.2569444444444444 0.0359375 0.13194444444444445
15 0.61875 0.25 0.0453125 0.125
18 0.5734375 0.2569444444444444 0.0328125 0.125
4 0.403125 0.2534722222222222 0.0421875 0.125
24 0.23125 0.2604166666666667 0.04375 0.125
4 0.1875 0.2604166666666667 0.040625 0.12152777777777778
18 0.1484375 0.2604166666666667 0.0375 0.13194444444444445
9 0.0703125 0.2673611111111111 0.0390625 0.125
0 0.0703125 0.4131944444444444 0.040625 0.1284722222222222
5 0.1453125 0.4166666666666667 0.0375 0.125
4 0.659375 0.4166666666666667 0.034375 0.1284722222222222
12 0.703125 0.4131944444444444 0.0375 0.1388888888888889
15 0.7453125 0.4131944444444444 0.040625 0.1388888888888889
19 0.790625 0.4166666666666667 0.0375 0.1423611111111111
3 0.834375 0.5763888888888888 0.0453125 0.125
22 0.7921875 0.5763888888888888 0.0421875 0.13194444444444445
23 0.7046875 0.5763888888888888 0.04375 0.125
3 0.6171875 0.5833333333333334 0.040625 0.1388888888888889
2 0.4453125 0.5763888888888888 0.0375 0.1284722222222222
7 0.271875 0.5763888888888888 0.0375 0.1388888888888889
24 0.1453125 0.5798611111111112 0.046875 0.13541666666666666
14 0.103125 0.5798611111111112 0.04375 0.1284722222222222
1 0.0671875 0.5763888888888888 0.0390625 0.1423611111111111
17 0.065625 0.7361111111111112 0.046875 0.1388888888888889
3 0.23125 0.7430555555555556 0.0375 0.1423611111111111
13 0.3125 0.7430555555555556 0.0375 0.1388888888888889
0 0.4 0.7465277777777778 0.034375 0.13194444444444445
8 0.5296875 0.7395833333333334 0.0359375 0.13541666666666666
14 0.746875 0.7395833333333334 0.0359375 0.1284722222222222
11 0.921875 0.8854166666666666 0.0421875 0.14583333333333334
14 0.875 0.8888888888888888 0.0375 0.1388888888888889
2 0.834375 0.8923611111111112 0.0375 0.1284722222222222
7 0.575 0.8958333333333334 0.046875 0.1388888888888889
0 0.4875 0.90625 0.0375 0.13194444444444445
14 0.2703125 0.8923611111111112 0.04375 0.1527777777777778
17 0.23125 0.9097222222222222 0.0390625 0.125
0 0.1046875 0.8993055555555556 0.03125 0.1388888888888889