19 0.0578125 0.14583333333333334 0.028125 0.1111111111111111
0 0.4984375 0.3090277777777778 0.0359375 0.10416666666666667
1 0.5359375 0.3090277777777778 0.0328125 0.10069444444444445
6 0.65 0.3125 0.0296875 0.1076388888888889
8 0.6875 0.3125 0.0296875 0.1076388888888889
4 0.7640625 0.3159722222222222 0.03125 0.10416666666666667
18 0.725 0.4652777777777778 0.028125 0.10416666666666667
24 0.8015625 0.4652777777777778 0.028125 0.10416666666666667
7 0.175 0.6006944444444444 0.03125 0.1076388888888889
16 0.29375 0.6006944444444444 0.03125 0.1111111111111111
19 0.4140625 0.6006944444444444 0.03125 0.1076388888888889
11 0.4953125 0.6006944444444444 0.028125 0.1076388888888889
11 0.5328125 0.6041666666666666 0.028125 0.10416666666666667
8 0.571875 0.6041666666666666 0.028125 0.10416666666666667
19 0.6875 0.6076388888888888 0.0296875 0.10416666666666667
13 0.8 0.6076388888888888 0.03125 0.10416666666666667
13 0.0265625 0.7361111111111112 0.028125 0.1111111111111111
19 0.29375 0.75 0.03125 0.1111111111111111
0 0.2515625 0.75 0.0328125 0.11458333333333333
0 0.453125 0.7465277777777778 0.0328125 0.10416666666666667
8 0.6859375 0.7534722222222222 0.0265625 0.10416666666666667
20 0.8 0.7534722222222222 0.0328125 0.10416666666666667
18 0.29375 0.8958333333333334 0.0296875 0.10416666666666667
14 0.490625 0.8958333333333334 0.0296875 0.1076388888888889
20 0.7625 0.8993055555555556 0.028125 0.1076388888888889
18 0.7984375 0.8993055555555556 0.028125 0.10069444444444445