6 0.1234375 0.1597222222222222 0.03125 0.12152777777777778
17 0.2390625 0.15625 0.0359375 0.11805555555555555
0 0.321875 0.15625 0.0328125 0.125
2 0.3609375 0.1527777777777778 0.0328125 0.12152777777777778
17 0.4015625 0.14583333333333334 0.0328125 0.11805555555555555
0 0.5609375 0.14583333333333334 0.03125 0.11805555555555555
5 0.603125 0.1423611111111111 0.034375 0.1111111111111111
17 0.64375 0.1423611111111111 0.03125 0.11458333333333333
8 0.684375 0.14583333333333334 0.0359375 0.11805555555555555
2 0.7234375 0.14583333333333334 0.034375 0.125
0 0.7625 0.1388888888888889 0.0296875 0.12152777777777778
4 0.065625 0.4444444444444444 0.0328125 0.125
5 0.10625 0.4409722222222222 0.0375 0.12152777777777778
18 0.3140625 0.4409722222222222 0.0359375 0.13194444444444445
0 0.3984375 0.4340277777777778 0.034375 0.11805555555555555
13 0.4375 0.4340277777777778 0.03125 0.11805555555555555
22 0.65 0.4305555555555556 0.034375 0.1284722222222222
17 0.73125 0.4340277777777778 0.0328125 0.1284722222222222
7 0.015625 0.5902777777777778 0.028125 0.125
14 0.0515625 0.5902777777777778 0.034375 0.11805555555555555
11 0.096875 0.5902777777777778 0.0390625 0.125
3 0.1375 0.59375 0.03125 0.11805555555555555
18 0.1796875 0.59375 0.0359375 0.11805555555555555
18 0.26875 0.5902777777777778 0.0328125 0.1111111111111111
3 0.3515625 0.5902777777777778 0.034375 0.11805555555555555
18 0.5234375 0.59375 0.03125 0.1284722222222222
3 0.5640625 0.59375 0.0359375 0.13194444444444445
3 0.69375 0.5902777777777778 0.0328125 0.125
8 0.7359375 0.5868055555555556 0.034375 0.125
18 0.78125 0.5868055555555556 0.034375 0.1284722222222222
10 0.821875 0.5833333333333334 0.0328125 0.1284722222222222
14 0.8625 0.5833333333333334 0.0359375 0.12152777777777778
0 0.0484375 0.7465277777777778 0.034375 0.125
2 0.0890625 0.7534722222222222 0.034375 0.12152777777777778
10 0.13125 0.7534722222222222 0.034375 0.11458333333333333
4 0.1734375 0.7534722222222222 0.0328125 0.12152777777777778
19 0.2171875 0.7534722222222222 0.0375 0.1284722222222222
0 0.3515625 0.75 0.0359375 0.12152777777777778
13 0.39375 0.7465277777777778 0.0375 0.125
4 0.5671875 0.7465277777777778 0.0359375 0.12152777777777778
3 0.8296875 0.7430555555555556 0.0390625 0.125
14 0.915625 0.7465277777777778 0.0359375 0.13194444444444445
19 0.0796875 0.9201388888888888 0.0375 0.1284722222222222
14 0.1234375 0.9201388888888888 0.0375 0.13541666666666666
13 0.1671875 0.9201388888888888 0.0359375 0.13194444444444445
8 0.346875 0.9166666666666666 0.0328125 0.125
6 0.4375 0.9166666666666666 0.0375 0.13194444444444445
20 0.48125 0.9201388888888888 0.0375 0.1388888888888889
4 0.525 0.9131944444444444 0.0375 0.13541666666666666
18 0.5703125 0.9166666666666666 0.0359375 0.13541666666666666
18 0.615625 0.9166666666666666 0.0359375 0.1388888888888889