3 0.2515625 0.0763888888888889 0.0390625 0.125
24 0.3359375 0.0763888888888889 0.0390625 0.125
4 0.3828125 0.0763888888888889 0.0359375 0.12152777777777778
19 0.4703125 0.0798611111111111 0.0375 0.125
0 0.5140625 0.0798611111111111 0.0359375 0.1284722222222222
4 0.603125 0.0763888888888889 0.0375 0.11805555555555555
12 0.690625 0.0763888888888889 0.040625 0.1284722222222222
4 0.734375 0.0763888888888889 0.0359375 0.12152777777777778
5 0.8203125 0.0763888888888889 0.0375 0.12152777777777778
0 0.95 0.09027777777777778 0.0375 0.12152777777777778
5 0.1171875 0.22916666666666666 0.03125 0.11458333333333333
8 0.1578125 0.2326388888888889 0.0375 0.11458333333333333
21 0.203125 0.2326388888888889 0.0390625 0.12152777777777778
4 0.2453125 0.2326388888888889 0.034375 0.1284722222222222
12 0.3359375 0.22916666666666666 0.0359375 0.12152777777777778
8 0.3796875 0.2326388888888889 0.0375 0.12152777777777778
11 0.4234375 0.23958333333333334 0.0375 0.13194444444444445
4 0.46875 0.2361111111111111 0.0375 0.13194444444444445
5 0.5578125 0.24305555555555555 0.0390625 0.1423611111111111
2 0.69375 0.23958333333333334 0.0359375 0.1284722222222222
0 0.7390625 0.23958333333333334 0.0359375 0.1284722222222222
15 0.784375 0.24305555555555555 0.0375 0.13194444444444445
4 0.828125 0.24305555555555555 0.0390625 0.1284722222222222
2 0.959375 0.23958333333333334 0.034375 0.12152777777777778
5 0.1125 0.3958333333333333 0.03125 0.11458333333333333
1 0.2421875 0.3888888888888889 0.0359375 0.1284722222222222
1 0.284375 0.3923611111111111 0.0359375 0.125
14 0.3765625 0.3958333333333333 0.0359375 0.11805555555555555
13 0.4234375 0.3958333333333333 0.0359375 0.12152777777777778
11 0.559375 0.3958333333333333 0.0359375 0.125
8 0.6046875 0.3958333333333333 0.0359375 0.1284722222222222
19 0.6984375 0.3993055555555556 0.0359375 0.13194444444444445
18 0.88125 0.4027777777777778 0.0375 0.125
20 0.9265625 0.4027777777777778 0.0390625 0.13194444444444445
17 0.1875 0.5590277777777778 0.034375 0.13194444444444445
4 0.234375 0.5590277777777778 0.0375 0.1284722222222222
2 0.2828125 0.5590277777777778 0.040625 0.13194444444444445
14 0.3265625 0.5625 0.0375 0.13194444444444445
17 0.375 0.5659722222222222 0.0359375 0.1284722222222222
3 0.4203125 0.5659722222222222 0.040625 0.12152777777777778
0 0.559375 0.5590277777777778 0.0390625 0.13194444444444445
13 0.60625 0.5625 0.034375 0.1284722222222222
18 0.1828125 0.7361111111111112 0.0359375 0.1284722222222222
8 0.2296875 0.7395833333333334 0.0375 0.1284722222222222
4 0.371875 0.7361111111111112 0.0359375 0.13194444444444445
24 0.221875 0.9166666666666666 0.0375 0.13541666666666666
4 0.2703125 0.9131944444444444 0.0359375 0.13194444444444445
18 0.36875 0.9166666666666666 0.0375 0.13194444444444445
4 0.415625 0.9166666666666666 0.0359375 0.13541666666666666
4 0.4625 0.9166666666666666 0.0390625 0.13194444444444445
7 0.5609375 0.9166666666666666 0.0359375 0.13194444444444445
4 0.609375 0.9201388888888888 0.034375 0.1284722222222222
2 0.709375 0.9166666666666666 0.0359375 0.1284722222222222
3 0.7578125 0.9236111111111112 0.0375 0.1284722222222222
13 0.853125 0.9270833333333334 0.0375 0.1388888888888889
8 0.9 0.9270833333333334 0.0375 0.1423611111111111
21 0.946875 0.9270833333333334 0.040625 0.1423611111111111