0 0.3546875 0.09027777777777778 0.0359375 0.1076388888888889
19 0.4640625 0.08680555555555555 0.0328125 0.1076388888888889
18 0.8046875 0.0798611111111111 0.034375 0.1111111111111111
0 0.8421875 0.0798611111111111 0.0375 0.11458333333333333
19 0.2390625 0.22569444444444445 0.03125 0.10069444444444445
11 0.3890625 0.2222222222222222 0.028125 0.10069444444444445
0 0.6890625 0.2222222222222222 0.03125 0.1076388888888889
15 0.7640625 0.2222222222222222 0.0359375 0.1076388888888889
4 0.9171875 0.2222222222222222 0.0359375 0.1111111111111111
0 0.315625 0.3611111111111111 0.03125 0.1111111111111111
12 0.3921875 0.3680555555555556 0.0328125 0.1111111111111111
0 0.428125 0.3680555555555556 0.0328125 0.11458333333333333
13 0.465625 0.3645833333333333 0.0375 0.1111111111111111
11 0.6875 0.3611111111111111 0.028125 0.1076388888888889
14 0.7265625 0.3611111111111111 0.03125 0.1111111111111111
14 0.915625 0.3611111111111111 0.0359375 0.1111111111111111
18 0.084375 0.5069444444444444 0.0375 0.12152777777777778
20 0.1203125 0.5 0.0328125 0.11805555555555555
12 0.159375 0.5034722222222222 0.034375 0.1111111111111111
18 0.315625 0.5034722222222222 0.0328125 0.1111111111111111
22 0.43125 0.5 0.0375 0.1111111111111111
13 0.7640625 0.5 0.0328125 0.11805555555555555
8 0.11875 0.6458333333333334 0.034375 0.1111111111111111
17 0.15625 0.6458333333333334 0.0328125 0.1076388888888889
24 0.2375 0.6458333333333334 0.03125 0.10416666666666667
19 0.390625 0.6423611111111112 0.034375 0.1111111111111111
2 0.5765625 0.6423611111111112 0.0296875 0.10069444444444445
13 0.65 0.6388888888888888 0.03125 0.1076388888888889
18 0.95 0.6388888888888888 0.034375 0.1111111111111111
14 0.15625 0.7916666666666666 0.03125 0.1111111111111111
13 0.2734375 0.7916666666666666 0.034375 0.11805555555555555