17 0.103125 0.09722222222222222 0.03125 0.12152777777777778
4 0.3578125 0.09375 0.034375 0.12152777777777778
3 0.4453125 0.09722222222222222 0.034375 0.11805555555555555
4 0.6171875 0.10069444444444445 0.0328125 0.1111111111111111
19 0.7046875 0.10069444444444445 0.0328125 0.11458333333333333
11 0.9203125 0.10069444444444445 0.0359375 0.11805555555555555
15 0.228125 0.25 0.0359375 0.11805555555555555
20 0.4015625 0.2569444444444444 0.0328125 0.11458333333333333
4 0.615625 0.2569444444444444 0.0328125 0.1111111111111111
13 0.7921875 0.2604166666666667 0.034375 0.11805555555555555
15 0.878125 0.2604166666666667 0.0328125 0.11805555555555555
13 0.26875 0.4166666666666667 0.0359375 0.11805555555555555
0 0.2265625 0.4166666666666667 0.0359375 0.11805555555555555
19 0.18125 0.5798611111111112 0.0328125 0.11805555555555555
18 0.26875 0.5798611111111112 0.034375 0.11458333333333333
13 0.44375 0.5833333333333334 0.0359375 0.1111111111111111
4 0.4875 0.5833333333333334 0.034375 0.11458333333333333
15 0.75 0.5902777777777778 0.034375 0.11805555555555555
19 0.9671875 0.5902777777777778 0.0328125 0.11458333333333333
18 0.1 0.7430555555555556 0.0328125 0.11805555555555555
4 0.1375 0.7395833333333334 0.03125 0.11805555555555555
12 0.221875 0.7430555555555556 0.034375 0.11458333333333333
19 0.75 0.7534722222222222 0.0359375 0.11458333333333333
11 0.096875 0.8993055555555556 0.034375 0.11458333333333333
8 0.1359375 0.9027777777777778 0.03125 0.1111111111111111
5 0.178125 0.9027777777777778 0.0328125 0.1111111111111111
4 0.221875 0.90625 0.0328125 0.11458333333333333
7 0.3078125 0.9097222222222222 0.0375 0.11805555555555555
4 0.353125 0.9097222222222222 0.034375 0.11805555555555555
5 0.440625 0.9097222222222222 0.034375 0.11805555555555555
4 0.484375 0.9097222222222222 0.034375 0.11805555555555555
11 0.528125 0.9131944444444444 0.0359375 0.11805555555555555
19 0.5734375 0.9097222222222222 0.034375 0.11805555555555555
24 0.70625 0.9166666666666666 0.0375 0.12152777777777778
15 0.8390625 0.9166666666666666 0.0328125 0.11805555555555555
7 0.925 0.9201388888888888 0.0328125 0.11458333333333333