7 0.1046875 0.3090277777777778 0.0328125 0.12152777777777778
17 0.2671875 0.3159722222222222 0.03125 0.11458333333333333
6 0.4640625 0.3229166666666667 0.0296875 0.10416666666666667
19 0.65625 0.19444444444444445 0.0296875 0.1076388888888889
18 0.76875 0.2013888888888889 0.03125 0.09375
2 0.8765625 0.20833333333333334 0.028125 0.09722222222222222
17 0.9515625 0.2152777777777778 0.0265625 0.09722222222222222
0 0.8828125 0.3368055555555556 0.03125 0.09027777777777778
6 0.6578125 0.3368055555555556 0.0296875 0.10416666666666667
4 0.2625 0.4548611111111111 0.0265625 0.09722222222222222
7 0.4640625 0.4618055555555556 0.0328125 0.10069444444444445
12 0.6203125 0.4756944444444444 0.028125 0.10416666666666667
0 0.8515625 0.4756944444444444 0.0296875 0.09722222222222222
11 0.8890625 0.4861111111111111 0.025 0.10069444444444445
11 0.925 0.4826388888888889 0.0296875 0.1111111111111111
8 0.621875 0.6180555555555556 0.028125 0.1076388888888889
18 0.7390625 0.6284722222222222 0.0296875 0.1111111111111111
14 0.8546875 0.625 0.0296875 0.11458333333333333
0 0.059375 0.75 0.0296875 0.10416666666666667
24 0.5421875 0.7708333333333334 0.0296875 0.11458333333333333
19 0.703125 0.7708333333333334 0.03125 0.1111111111111111
0 0.8203125 0.7673611111111112 0.03125 0.09722222222222222
3 0.971875 0.7708333333333334 0.0265625 0.10069444444444445
24 0.0921875 0.9166666666666666 0.03125 0.11458333333333333
11 0.171875 0.9201388888888888 0.034375 0.11805555555555555
0 0.2109375 0.9236111111111112 0.028125 0.1076388888888889
24 0.2546875 0.9201388888888888 0.034375 0.125
7 0.3390625 0.9166666666666666 0.028125 0.11805555555555555
19 0.4625 0.9201388888888888 0.03125 0.1111111111111111
11 0.7046875 0.9270833333333334 0.028125 0.1111111111111111
3 0.9390625 0.9236111111111112 0.0296875 0.1111111111111111