6 0.178125 0.052083333333333336 0.034375 0.10416666666666667
3 0.29375 0.052083333333333336 0.0328125 0.10069444444444445
0 0.3328125 0.052083333333333336 0.0265625 0.10069444444444445
8 0.490625 0.05555555555555555 0.03125 0.10069444444444445
8 0.5296875 0.052083333333333336 0.03125 0.10416666666666667
5 0.6078125 0.052083333333333336 0.0328125 0.10069444444444445
19 0.0515625 0.3055555555555556 0.0328125 0.11805555555555555
8 0.0890625 0.3020833333333333 0.0328125 0.11458333333333333
11 0.128125 0.3055555555555556 0.03125 0.11805555555555555
11 0.16875 0.3020833333333333 0.0390625 0.125
0 0.25 0.3055555555555556 0.03125 0.11458333333333333
5 0.2890625 0.3020833333333333 0.0328125 0.11458333333333333
18 0.371875 0.2986111111111111 0.0328125 0.11458333333333333
20 0.4109375 0.3020833333333333 0.034375 0.11458333333333333
15 0.4515625 0.2986111111111111 0.0328125 0.11805555555555555
15 0.490625 0.2916666666666667 0.034375 0.12152777777777778
7 0.778125 0.2916666666666667 0.0359375 0.1284722222222222
4 0.815625 0.2916666666666667 0.0328125 0.125
11 0.0453125 0.4479166666666667 0.0390625 0.12152777777777778
1 0.246875 0.4444444444444444 0.0359375 0.11805555555555555
20 0.2875 0.4479166666666667 0.0328125 0.1284722222222222
14 0.3265625 0.4444444444444444 0.0359375 0.12152777777777778
24 0.3703125 0.4479166666666667 0.03125 0.1284722222222222
22 0.61875 0.4444444444444444 0.034375 0.11805555555555555
4 0.65625 0.4444444444444444 0.03125 0.11805555555555555
17 0.7375 0.4444444444444444 0.0359375 0.11805555555555555
4 0.7796875 0.4409722222222222 0.0359375 0.125
13 0.0375 0.5972222222222222 0.0328125 0.12152777777777778
2 0.0796875 0.6006944444444444 0.03125 0.12152777777777778
19 0.3265625 0.6006944444444444 0.0328125 0.11805555555555555
13 0.45 0.6041666666666666 0.03125 0.11805555555555555
19 0.6171875 0.59375 0.034375 0.11458333333333333
20 0.659375 0.59375 0.0359375 0.11805555555555555
17 0.7 0.5972222222222222 0.03125 0.12152777777777778
13 0.74375 0.59375 0.0328125 0.11458333333333333
13 0.0328125 0.7638888888888888 0.0359375 0.13541666666666666
13 0.1125 0.7569444444444444 0.0296875 0.1284722222222222
0 0.1515625 0.7569444444444444 0.03125 0.125
19 0.1953125 0.7604166666666666 0.0328125 0.1284722222222222
20 0.2390625 0.7604166666666666 0.0359375 0.1284722222222222
17 0.2796875 0.7569444444444444 0.0359375 0.125
24 0.3640625 0.7569444444444444 0.0359375 0.13541666666666666
17 0.45 0.7569444444444444 0.0375 0.125
4 0.4921875 0.75 0.0359375 0.13194444444444445
15 0.5359375 0.7534722222222222 0.0375 0.13194444444444445
19 0.6203125 0.7534722222222222 0.0375 0.1284722222222222
2 0.19375 0.9236111111111112 0.0328125 0.125
17 0.2765625 0.9201388888888888 0.0359375 0.13541666666666666
8 0.321875 0.9201388888888888 0.034375 0.13194444444444445
4 0.3625 0.9236111111111112 0.0390625 0.13194444444444445
14 0.5359375 0.9236111111111112 0.0359375 0.12152777777777778
22 0.625 0.9201388888888888 0.0390625 0.1284722222222222
0 0.665625 0.9166666666666666 0.0328125 0.13541666666666666
13 0.7078125 0.9201388888888888 0.034375 0.12152777777777778
19 0.7515625 0.9131944444444444 0.034375 0.12152777777777778