14 0.1328125 0.1111111111111111 0.034375 0.125
2 0.171875 0.1111111111111111 0.0359375 0.1284722222222222
1 0.346875 0.11458333333333333 0.034375 0.12152777777777778
19 0.4359375 0.1111111111111111 0.0328125 0.12152777777777778
19 0.4796875 0.11458333333333333 0.0328125 0.125
19 0.9828125 0.28125 0.0328125 0.11805555555555555
19 0.9046875 0.2847222222222222 0.0421875 0.1284722222222222
3 0.78125 0.2777777777777778 0.0359375 0.11805555555555555
7 0.609375 0.2881944444444444 0.0375 0.1388888888888889
25 0.525 0.28125 0.0375 0.125
4 0.48125 0.2777777777777778 0.0375 0.1284722222222222
0 0.3078125 0.2777777777777778 0.0375 0.125
3 0.2625 0.2777777777777778 0.0375 0.125
5 0.096875 0.4375 0.0375 0.13194444444444445
8 0.1375 0.4375 0.0328125 0.125
21 0.178125 0.4375 0.0375 0.12152777777777778
4 0.221875 0.4409722222222222 0.034375 0.125
12 0.309375 0.4409722222222222 0.0359375 0.125
4 0.4375 0.4375 0.03125 0.125
14 0.521875 0.4409722222222222 0.03125 0.11805555555555555
3 0.8625 0.4375 0.0375 0.12152777777777778
13 0.9421875 0.4409722222222222 0.034375 0.12152777777777778
19 0.8625 0.5972222222222222 0.0359375 0.11805555555555555
8 0.821875 0.5972222222222222 0.0375 0.125
4 0.6921875 0.59375 0.034375 0.11805555555555555
13 0.48125 0.5972222222222222 0.0328125 0.1111111111111111
14 0.4390625 0.6006944444444444 0.0375 0.12152777777777778
24 0.309375 0.6006944444444444 0.0359375 0.11458333333333333
7 0.1015625 0.75 0.0359375 0.125
3 0.1828125 0.7534722222222222 0.0375 0.12152777777777778
18 0.48125 0.75 0.0359375 0.12152777777777778
3 0.5234375 0.7534722222222222 0.034375 0.11458333333333333
14 0.6890625 0.75 0.0359375 0.11805555555555555
17 0.7734375 0.7569444444444444 0.0328125 0.11805555555555555
4 0.8140625 0.9027777777777778 0.0359375 0.125
9 0.771875 0.9027777777777778 0.0390625 0.125
4 0.690625 0.90625 0.0375 0.125
21 0.6484375 0.9027777777777778 0.034375 0.11805555555555555
24 0.5640625 0.9027777777777778 0.0390625 0.13194444444444445
4 0.4828125 0.9027777777777778 0.0375 0.11458333333333333
18 0.4390625 0.9097222222222222 0.0375 0.12152777777777778
20 0.396875 0.9097222222222222 0.0390625 0.125
0 0.35625 0.9097222222222222 0.0390625 0.13194444444444445
2 0.315625 0.90625 0.0421875 0.125