21 0.1140625 0.1076388888888889 0.0359375 0.11458333333333333
8 0.4453125 0.11458333333333333 0.034375 0.125
14 0.6109375 0.11458333333333333 0.0359375 0.11805555555555555
17 0.6953125 0.11458333333333333 0.0359375 0.12152777777777778
20 0.7375 0.1111111111111111 0.0328125 0.125
3 0.9421875 0.11805555555555555 0.028125 0.1111111111111111
17 0.0765625 0.2638888888888889 0.0296875 0.11805555555555555
20 0.115625 0.2638888888888889 0.0328125 0.12152777777777778
13 0.1546875 0.2638888888888889 0.034375 0.11458333333333333
13 0.1953125 0.2604166666666667 0.0328125 0.11458333333333333
20 0.609375 0.2743055555555556 0.034375 0.11805555555555555
3 0.81875 0.2708333333333333 0.0328125 0.11805555555555555
13 0.9 0.2708333333333333 0.0328125 0.1111111111111111
19 0.078125 0.4166666666666667 0.03125 0.11458333333333333
0 0.1140625 0.4166666666666667 0.0296875 0.11458333333333333
24 0.565625 0.4270833333333333 0.03125 0.11458333333333333
22 0.2421875 0.5729166666666666 0.03125 0.11458333333333333
19 0.8140625 0.5833333333333334 0.03125 0.10416666666666667
7 0.121875 0.7222222222222222 0.0296875 0.11458333333333333
1 0.2015625 0.7222222222222222 0.0328125 0.11805555555555555
18 0.4046875 0.7256944444444444 0.0296875 0.10416666666666667
19 0.5234375 0.7256944444444444 0.0296875 0.10416666666666667
15 0.6046875 0.7256944444444444 0.0296875 0.1076388888888889
10 0.1265625 0.8645833333333334 0.0375 0.11458333333333333
22 0.3640625 0.8715277777777778 0.0328125 0.11458333333333333
0 0.521875 0.8715277777777778 0.03125 0.1076388888888889
20 0.7265625 0.8819444444444444 0.034375 0.11805555555555555
18 0.8859375 0.8819444444444444 0.0328125 0.1111111111111111