2 0.1140625 0.11805555555555555 0.0328125 0.1111111111111111
17 0.19375 0.1111111111111111 0.0328125 0.1111111111111111
0 0.2359375 0.11458333333333333 0.0328125 0.1076388888888889
6 0.2765625 0.1111111111111111 0.0375 0.11458333333333333
4 0.3171875 0.11458333333333333 0.0359375 0.12152777777777778
18 0.3984375 0.11458333333333333 0.034375 0.1076388888888889
24 0.14375 0.25 0.0375 0.125
1 0.396875 0.25 0.0328125 0.11458333333333333
11 0.440625 0.25 0.0375 0.125
0 0.484375 0.2534722222222222 0.0359375 0.11805555555555555
2 0.5234375 0.25 0.034375 0.11805555555555555
10 0.5640625 0.2465277777777778 0.0359375 0.125
3 0.0546875 0.4097222222222222 0.034375 0.125
1 0.225 0.4027777777777778 0.0375 0.125
0 0.3125 0.4027777777777778 0.0375 0.11458333333333333
15 0.3984375 0.40625 0.0359375 0.13194444444444445
8 0.4390625 0.40625 0.03125 0.125
11 0.48125 0.40625 0.034375 0.1284722222222222
4 0.5234375 0.4097222222222222 0.0375 0.13194444444444445
5 0.6984375 0.4027777777777778 0.0390625 0.13194444444444445
17 0.740625 0.4027777777777778 0.0359375 0.125
4 0.7828125 0.4131944444444444 0.040625 0.13541666666666666
11 0.215625 0.5659722222222222 0.0328125 0.13194444444444445
6 0.30625 0.5625 0.034375 0.13541666666666666
4 0.35 0.5694444444444444 0.0390625 0.1284722222222222
2 0.4390625 0.5590277777777778 0.0359375 0.125
14 0.4828125 0.5625 0.0359375 0.12152777777777778
3 0.525 0.5659722222222222 0.0296875 0.13194444444444445
10 0.7 0.5625 0.0390625 0.125
18 0.746875 0.5625 0.0375 0.125
21 0.8296875 0.5659722222222222 0.0359375 0.13541666666666666
2 0.0390625 0.7291666666666666 0.034375 0.11805555555555555
4 0.0796875 0.7256944444444444 0.0375 0.125
18 0.2578125 0.7256944444444444 0.0390625 0.1423611111111111
20 0.3453125 0.7326388888888888 0.0359375 0.125
8 0.390625 0.7256944444444444 0.0375 0.13194444444444445
3 0.4390625 0.7291666666666666 0.0375 0.1423611111111111
19 0.528125 0.71875 0.0359375 0.13541666666666666
19 0.6140625 0.7256944444444444 0.040625 0.13541666666666666
0 0.659375 0.7222222222222222 0.034375 0.1284722222222222
2 0.70625 0.7222222222222222 0.0359375 0.125
11 0.75 0.7256944444444444 0.0390625 0.13194444444444445
4 0.7953125 0.7291666666666666 0.0375 0.13194444444444445
19 0.0265625 0.8958333333333334 0.04375 0.1423611111111111
7 0.159375 0.8958333333333334 0.034375 0.1388888888888889
14 0.203125 0.90625 0.034375 0.13541666666666666
14 0.2484375 0.8993055555555556 0.0421875 0.13194444444444445
10 0.2953125 0.9027777777777778 0.040625 0.1423611111111111
13 0.48125 0.8993055555555556 0.040625 0.125
4 0.528125 0.8993055555555556 0.0375 0.12152777777777778
23 0.5765625 0.8993055555555556 0.040625 0.14583333333333334
19 0.6203125 0.8958333333333334 0.0359375 0.13541666666666666
3 0.7578125 0.8993055555555556 0.0359375 0.13194444444444445
24 0.8859375 0.8958333333333334 0.0390625 0.1284722222222222