0 0.265625 0.0798611111111111 0.03125 0.11805555555555555
19 0.30625 0.08333333333333333 0.034375 0.11458333333333333
2 0.4671875 0.09375 0.0328125 0.11458333333333333
4 0.50625 0.10069444444444445 0.028125 0.1111111111111111
12 0.5453125 0.10069444444444445 0.034375 0.11458333333333333
4 0.5828125 0.10416666666666667 0.028125 0.1111111111111111
19 0.621875 0.10069444444444445 0.03125 0.12152777777777778
24 0.696875 0.1111111111111111 0.034375 0.11805555555555555
4 0.2640625 0.375 0.028125 0.12152777777777778
5 0.346875 0.3819444444444444 0.034375 0.125
11 0.3875 0.3819444444444444 0.0375 0.13194444444444445
14 0.425 0.3888888888888889 0.034375 0.1284722222222222
0 0.465625 0.3888888888888889 0.03125 0.125
19 0.50625 0.3923611111111111 0.0375 0.13541666666666666
18 0.5453125 0.3958333333333333 0.0375 0.125
3 0.696875 0.3993055555555556 0.0296875 0.12152777777777778
0 0.934375 0.3993055555555556 0.0390625 0.12152777777777778
8 0.96875 0.40625 0.03125 0.1111111111111111
12 0.3453125 0.5381944444444444 0.0421875 0.11805555555555555
24 0.5421875 0.5416666666666666 0.0328125 0.10416666666666667
18 0.58125 0.5381944444444444 0.028125 0.1111111111111111
8 0.9671875 0.5590277777777778 0.0296875 0.1111111111111111
8 0.384375 0.6909722222222222 0.03125 0.125
18 0.425 0.6875 0.0328125 0.11458333333333333
7 0.5015625 0.6909722222222222 0.0328125 0.12152777777777778
4 0.540625 0.6875 0.03125 0.125
13 0.696875 0.6944444444444444 0.0328125 0.11805555555555555
8 0.8875 0.7013888888888888 0.0296875 0.1111111111111111
0 0.965625 0.7013888888888888 0.0328125 0.11805555555555555
4 0.2984375 0.84375 0.03125 0.12152777777777778
24 0.3390625 0.8333333333333334 0.0375 0.125
11 0.9640625 0.8472222222222222 0.0328125 0.11805555555555555