1 0.3046875 0.05555555555555555 0.0328125 0.1111111111111111
4 0.353125 0.059027777777777776 0.03125 0.11458333333333333
3 0.659375 0.08333333333333333 0.0375 0.1284722222222222
8 0.7484375 0.0798611111111111 0.0375 0.1284722222222222
18 0.7921875 0.0798611111111111 0.0375 0.1284722222222222
2 0.88125 0.08333333333333333 0.0375 0.1284722222222222
0 0.9265625 0.08333333333333333 0.0359375 0.125
11 0.971875 0.08333333333333333 0.034375 0.125
22 0.1265625 0.21180555555555555 0.0375 0.13194444444444445
23 0.48125 0.2361111111111111 0.0359375 0.125
13 0.790625 0.2465277777777778 0.0375 0.125
18 0.971875 0.2569444444444444 0.0375 0.1284722222222222
4 0.11875 0.375 0.0359375 0.125
24 0.390625 0.3923611111111111 0.03125 0.125
17 0.4796875 0.3993055555555556 0.0328125 0.11805555555555555
11 0.696875 0.4027777777777778 0.03125 0.1111111111111111
8 0.96875 0.4166666666666667 0.0328125 0.11805555555555555
2 0.075 0.5416666666666666 0.03125 0.11805555555555555
0 0.11875 0.5451388888888888 0.034375 0.1111111111111111
3 0.434375 0.5590277777777778 0.034375 0.125
24 0.56875 0.5694444444444444 0.03125 0.11458333333333333
13 0.88125 0.5833333333333334 0.0328125 0.11458333333333333
14 0.925 0.5902777777777778 0.0328125 0.12152777777777778
11 0.9703125 0.5902777777777778 0.034375 0.125
8 0.25 0.7291666666666666 0.0375 0.125
18 0.2953125 0.7256944444444444 0.0375 0.12152777777777778
13 0.478125 0.7291666666666666 0.0328125 0.12152777777777778
14 0.521875 0.7361111111111112 0.0359375 0.125
11 0.56875 0.7361111111111112 0.0421875 0.125
3 0.6109375 0.7361111111111112 0.0328125 0.11458333333333333
11 0.3875 0.8993055555555556 0.0375 0.1284722222222222
14 0.5640625 0.9027777777777778 0.0375 0.1284722222222222