14 0.321875 0.0763888888888889 0.0421875 0.1388888888888889
11 0.3703125 0.08680555555555555 0.0421875 0.1388888888888889
3 0.415625 0.08680555555555555 0.0421875 0.1388888888888889
11 0.5078125 0.08680555555555555 0.040625 0.1388888888888889
0 0.55625 0.08680555555555555 0.0390625 0.13541666666666666
3 0.603125 0.08680555555555555 0.040625 0.1388888888888889
24 0.6453125 0.08333333333333333 0.040625 0.13541666666666666
6 0.83125 0.08680555555555555 0.0375 0.125
14 0.878125 0.08680555555555555 0.0421875 0.1284722222222222
7 0.078125 0.2361111111111111 0.0421875 0.15625
20 0.1265625 0.23958333333333334 0.0390625 0.1423611111111111
13 0.175 0.23958333333333334 0.0390625 0.125
22 0.221875 0.4236111111111111 0.0375 0.1388888888888889
4 0.26875 0.4236111111111111 0.0359375 0.1388888888888889
18 0.11875 0.6006944444444444 0.04375 0.1597222222222222
6 0.21875 0.6076388888888888 0.040625 0.14583333333333334
3 0.26875 0.6041666666666666 0.0375 0.1423611111111111
14 0.409375 0.6111111111111112 0.040625 0.1388888888888889
18 0.459375 0.6041666666666666 0.0375 0.1388888888888889
5 0.65 0.7881944444444444 0.040625 0.1388888888888889
11 0.6 0.4375 0.0375 0.1423611111111111
2 0.5078125 0.4270833333333333 0.0359375 0.125