18 0.190625 0.1423611111111111 0.0359375 0.1076388888888889
3 0.234375 0.14583333333333334 0.0296875 0.10416666666666667
3 0.35625 0.17708333333333334 0.03125 0.1111111111111111
8 0.39375 0.1875 0.028125 0.10416666666666667
18 0.4328125 0.19791666666666666 0.0265625 0.10416666666666667
19 0.7515625 0.1111111111111111 0.028125 0.10069444444444445
0 0.6109375 0.22916666666666666 0.028125 0.10069444444444445
6 0.6828125 0.23958333333333334 0.028125 0.10416666666666667
17 0.71875 0.23958333333333334 0.0296875 0.09722222222222222
8 0.753125 0.24305555555555555 0.028125 0.09375
7 0.965625 0.25 0.0296875 0.1076388888888889
15 0.2296875 0.2951388888888889 0.0328125 0.1111111111111111
8 0.271875 0.3020833333333333 0.034375 0.1111111111111111
2 0.3140625 0.3090277777777778 0.03125 0.11458333333333333
20 0.353125 0.3194444444444444 0.03125 0.1111111111111111
11 0.39375 0.3229166666666667 0.0296875 0.1076388888888889
18 0.50625 0.3472222222222222 0.028125 0.09722222222222222
14 0.540625 0.3472222222222222 0.028125 0.09722222222222222
17 0.578125 0.3541666666666667 0.0296875 0.10069444444444445
19 0.6140625 0.3576388888888889 0.03125 0.09375
19 0.75625 0.3715277777777778 0.0328125 0.09722222222222222
0 0.790625 0.3715277777777778 0.028125 0.09722222222222222
11 0.828125 0.3715277777777778 0.0328125 0.10069444444444445
10 0.8640625 0.375 0.03125 0.10069444444444445
0 0.2234375 0.4409722222222222 0.0296875 0.1076388888888889
11 0.178125 0.4409722222222222 0.03125 0.1076388888888889
20 0.390625 0.46875 0.03125 0.10416666666666667
11 0.6125 0.4930555555555556 0.0296875 0.09375
8 0.721875 0.5 0.0265625 0.09027777777777778
3 0.8296875 0.5104166666666666 0.0296875 0.09722222222222222
4 0.865625 0.5104166666666666 0.028125 0.10069444444444445
11 0.428125 0.6180555555555556 0.028125 0.10069444444444445
11 0.4671875 0.6180555555555556 0.0265625 0.10069444444444445
18 0.653125 0.6319444444444444 0.0265625 0.10069444444444445
18 0.725 0.6354166666666666 0.028125 0.09375
1 0.7984375 0.6423611111111112 0.0296875 0.09375
0 0.8703125 0.6423611111111112 0.0265625 0.09027777777777778
19 0.9078125 0.6458333333333334 0.0265625 0.09375
18 0.16875 0.7569444444444444 0.0375 0.11805555555555555
20 0.2125 0.7569444444444444 0.034375 0.11458333333333333
17 0.2578125 0.7569444444444444 0.0328125 0.11458333333333333
4 0.303125 0.7569444444444444 0.03125 0.11458333333333333
18 0.465625 0.7708333333333334 0.0296875 0.09722222222222222
18 0.6546875 0.78125 0.028125 0.09375
8 0.728125 0.78125 0.0296875 0.10069444444444445
15 0.8 0.7847222222222222 0.0296875 0.09722222222222222
17 0.1625 0.9201388888888888 0.0359375 0.12152777777777778
14 0.253125 0.9201388888888888 0.034375 0.11805555555555555
19 0.465625 0.9236111111111112 0.03125 0.1111111111111111
14 0.5046875 0.9236111111111112 0.0296875 0.1111111111111111
18 0.58125 0.9236111111111112 0.03125 0.1076388888888889
3 0.878125 0.9270833333333334 0.028125 0.1076388888888889
4 0.95 0.9270833333333334 0.0296875 0.10416666666666667