22 0.053125 0.2743055555555556 0.0359375 0.1284722222222222
19 0.1296875 0.2708333333333333 0.0375 0.1284722222222222
5 0.2140625 0.2673611111111111 0.0359375 0.1284722222222222
11 0.25625 0.2673611111111111 0.0359375 0.13541666666666666
24 0.2953125 0.2673611111111111 0.0375 0.1284722222222222
15 0.4234375 0.2569444444444444 0.0375 0.11805555555555555
0 0.4625 0.2569444444444444 0.0296875 0.12152777777777778
1 0.584375 0.2569444444444444 0.034375 0.11458333333333333
14 0.625 0.2604166666666667 0.0359375 0.12152777777777778
13 0.7828125 0.11458333333333333 0.034375 0.12152777777777778
18 0.8953125 0.11805555555555555 0.0328125 0.11805555555555555
12 0.865625 0.2569444444444444 0.0359375 0.125
1 0.0484375 0.4270833333333333 0.0328125 0.11805555555555555
17 0.084375 0.4270833333333333 0.03125 0.11805555555555555
14 0.1234375 0.4270833333333333 0.0359375 0.125
10 0.165625 0.4236111111111111 0.0328125 0.12152777777777778
4 0.209375 0.4236111111111111 0.034375 0.13541666666666666
12 0.296875 0.4131944444444444 0.0390625 0.13541666666666666
24 0.3390625 0.4166666666666667 0.040625 0.125
15 0.425 0.40625 0.034375 0.13194444444444445
14 0.4640625 0.4097222222222222 0.03125 0.12152777777777778
11 0.50625 0.40625 0.034375 0.1284722222222222
4 0.546875 0.4131944444444444 0.0390625 0.13541666666666666
5 0.7125 0.3958333333333333 0.0359375 0.13194444444444445
4 0.7546875 0.4027777777777778 0.034375 0.12152777777777778
11 0.7953125 0.4027777777777778 0.0359375 0.125
11 0.8375 0.4027777777777778 0.040625 0.12152777777777778
5 0.04375 0.5833333333333334 0.0328125 0.12152777777777778
17 0.08125 0.5902777777777778 0.034375 0.13541666666666666
14 0.1203125 0.5868055555555556 0.0359375 0.13194444444444445
13 0.165625 0.5833333333333334 0.0359375 0.125
19 0.209375 0.5833333333333334 0.0375 0.1388888888888889
17 0.4234375 0.5694444444444444 0.0359375 0.13541666666666666
4 0.46875 0.5659722222222222 0.0375 0.1284722222222222
1 0.5109375 0.5659722222222222 0.0328125 0.13194444444444445
4 0.5515625 0.5659722222222222 0.034375 0.13194444444444445
0 0.6328125 0.5625 0.034375 0.125
13 0.803125 0.5555555555555556 0.0328125 0.11805555555555555
20 0.84375 0.5555555555555556 0.034375 0.12152777777777778
0 0.121875 0.7430555555555556 0.0328125 0.125
5 0.1609375 0.7430555555555556 0.0359375 0.1388888888888889
17 0.20625 0.7395833333333334 0.0375 0.13541666666666666
0 0.2453125 0.7361111111111112 0.0328125 0.1388888888888889
8 0.29375 0.7326388888888888 0.0390625 0.14583333333333334
3 0.340625 0.7291666666666666 0.040625 0.14930555555555555
7 0.4265625 0.7291666666666666 0.0375 0.1423611111111111
4 0.4671875 0.7256944444444444 0.0390625 0.13541666666666666
12 0.55625 0.7222222222222222 0.0375 0.13541666666666666
8 0.6 0.7222222222222222 0.0375 0.1388888888888889
19 0.684375 0.7152777777777778 0.040625 0.1423611111111111
2 0.76875 0.7152777777777778 0.034375 0.13541666666666666
20 0.9359375 0.7118055555555556 0.0375 0.125
23 0.1546875 0.9131944444444444 0.040625 0.1388888888888889
19 0.2421875 0.90625 0.034375 0.13541666666666666
14 0.2875 0.8993055555555556 0.040625 0.13194444444444445
14 0.33125 0.8958333333333334 0.0390625 0.13541666666666666
10 0.378125 0.8993055555555556 0.0390625 0.13194444444444445
12 0.4671875 0.8923611111111112 0.0359375 0.13194444444444445
4 0.5125 0.8993055555555556 0.0390625 0.13541666666666666
19 0.6015625 0.8958333333333334 0.0390625 0.1423611111111111
12 0.73125 0.8784722222222222 0.0375 0.1423611111111111
20 0.8171875 0.8819444444444444 0.0390625 0.13194444444444445
19 0.8609375 0.875 0.0390625 0.15625
4 0.9 0.8784722222222222 0.0359375 0.1388888888888889
18 0.94375 0.8784722222222222 0.0375 0.1423611111111111
4 0.925 0.5520833333333334 0.034375 0.12152777777777778
19 0.965625 0.5520833333333334 0.0328125 0.12152777777777778
3 0.915625 0.4027777777777778 0.0421875 0.125