21 0.0359375 0.06944444444444445 0.034375 0.1111111111111111
14 0.075 0.06597222222222222 0.0328125 0.11458333333333333
4 0.203125 0.059027777777777776 0.0359375 0.11458333333333333
0 0.334375 0.05555555555555555 0.0328125 0.1076388888888889
4 0.378125 0.0625 0.034375 0.1111111111111111
6 0.8609375 0.06944444444444445 0.034375 0.12152777777777778
0 0.0359375 0.2326388888888889 0.0359375 0.125
1 0.0765625 0.2326388888888889 0.0359375 0.125
13 0.425 0.22916666666666666 0.0375 0.125
4 0.5125 0.22569444444444445 0.0359375 0.125
10 0.61875 0.22569444444444445 0.0390625 0.125
13 0.9046875 0.22916666666666666 0.0359375 0.11805555555555555
20 0.73125 0.22916666666666666 0.0328125 0.12152777777777778
24 0.246875 0.3923611111111111 0.034375 0.11805555555555555
7 0.3359375 0.3888888888888889 0.0375 0.11805555555555555
5 0.4234375 0.3923611111111111 0.034375 0.11805555555555555
3 0.5125 0.3923611111111111 0.034375 0.11458333333333333
18 0.6859375 0.3923611111111111 0.0375 0.11458333333333333
14 0.73125 0.3923611111111111 0.0359375 0.11458333333333333
13 0.775 0.3923611111111111 0.0359375 0.11458333333333333
2 0.9484375 0.3888888888888889 0.034375 0.10416666666666667
4 0.1578125 0.5555555555555556 0.034375 0.125
4 0.2 0.5555555555555556 0.0359375 0.125
0 0.4265625 0.5486111111111112 0.0390625 0.11458333333333333
21 0.5125 0.5520833333333334 0.0390625 0.125
11 0.9078125 0.5520833333333334 0.0375 0.1284722222222222
6 0.2015625 0.7222222222222222 0.034375 0.12152777777777778
19 0.290625 0.71875 0.0328125 0.12152777777777778
0 0.46875 0.7152777777777778 0.0359375 0.11805555555555555
14 0.55625 0.7222222222222222 0.0375 0.125
13 0.5984375 0.71875 0.0359375 0.125
1 0.73125 0.7222222222222222 0.034375 0.12152777777777778
14 0.7765625 0.7222222222222222 0.03125 0.125
3 0.8640625 0.71875 0.0359375 0.12152777777777778
1 0.0359375 0.8888888888888888 0.0375 0.13541666666666666
8 0.290625 0.8888888888888888 0.034375 0.125
20 0.5125 0.8854166666666666 0.0390625 0.11805555555555555
21 0.5984375 0.8854166666666666 0.0375 0.125