18 0.1609375 0.06597222222222222 0.0328125 0.10416666666666667
14 0.2375 0.07291666666666667 0.028125 0.10069444444444445
14 0.2765625 0.0763888888888889 0.03125 0.10416666666666667
13 0.315625 0.08333333333333333 0.03125 0.10416666666666667
12 0.40625 0.2326388888888889 0.0390625 0.1076388888888889
11 0.4625 0.2361111111111111 0.0359375 0.10416666666666667
11 0.671875 0.25 0.0296875 0.10069444444444445
1 0.6359375 0.25 0.0296875 0.10069444444444445
12 0.74375 0.25 0.0359375 0.10069444444444445
14 0.8875 0.24305555555555555 0.0296875 0.09375
14 0.9234375 0.2465277777777778 0.028125 0.09722222222222222
11 0.271875 0.3472222222222222 0.034375 0.10069444444444445
0 0.23125 0.3472222222222222 0.0296875 0.09722222222222222
18 0.1921875 0.34375 0.0359375 0.10069444444444445
19 0.3109375 0.3506944444444444 0.0328125 0.10416666666666667
18 0.3875 0.3645833333333333 0.03125 0.09722222222222222
7 0.4953125 0.3715277777777778 0.03125 0.10069444444444445
12 0.53125 0.3715277777777778 0.0296875 0.09722222222222222
0 0.603125 0.3715277777777778 0.0265625 0.08680555555555555
13 0.6375 0.3784722222222222 0.0296875 0.09375
3 0.928125 0.375 0.0328125 0.09722222222222222
11 0.15 0.4826388888888889 0.034375 0.1076388888888889
10 0.2296875 0.4895833333333333 0.0328125 0.10069444444444445
11 0.309375 0.4930555555555556 0.0296875 0.10416666666666667
4 0.26875 0.4930555555555556 0.0296875 0.10416666666666667
8 0.346875 0.5 0.028125 0.10069444444444445
4 0.3859375 0.5 0.028125 0.09722222222222222
21 0.603125 0.5104166666666666 0.0296875 0.09722222222222222
4 0.7453125 0.5138888888888888 0.0265625 0.09722222222222222
4 0.85625 0.5138888888888888 0.0296875 0.10069444444444445
10 0.1609375 0.6319444444444444 0.0359375 0.1076388888888889
17 0.3453125 0.6388888888888888 0.0296875 0.10416666666666667
4 0.384375 0.6388888888888888 0.028125 0.10069444444444445
18 0.603125 0.6458333333333334 0.0265625 0.09027777777777778
11 0.6390625 0.6493055555555556 0.028125 0.09027777777777778
0 0.784375 0.6527777777777778 0.028125 0.10416666666666667
12 0.140625 0.7777777777777778 0.0359375 0.1111111111111111
24 0.1796875 0.78125 0.034375 0.11805555555555555
24 0.8953125 0.6493055555555556 0.03125 0.10069444444444445
6 0.34375 0.78125 0.028125 0.10069444444444445
14 0.49375 0.78125 0.03125 0.10416666666666667
20 0.640625 0.7847222222222222 0.0296875 0.10416666666666667
11 0.7140625 0.78125 0.03125 0.10069444444444445
10 0.825 0.7847222222222222 0.034375 0.10416666666666667
17 0.9734375 0.7847222222222222 0.0328125 0.10416666666666667
11 0.1359375 0.9270833333333334 0.034375 0.1111111111111111
14 0.1765625 0.9305555555555556 0.0328125 0.1076388888888889
0 0.4203125 0.9236111111111112 0.03125 0.10416666666666667
24 0.56875 0.9236111111111112 0.03125 0.1076388888888889