1 0.128125 0.08680555555555555 0.034375 0.1076388888888889
14 0.16875 0.09027777777777778 0.034375 0.11805555555555555
17 0.2125 0.08680555555555555 0.0375 0.12152777777777778
13 0.259375 0.08333333333333333 0.0390625 0.13194444444444445
0 0.35 0.08333333333333333 0.0375 0.11805555555555555
19 0.3921875 0.08333333333333333 0.0390625 0.1284722222222222
3 0.525 0.09027777777777778 0.0390625 0.125
8 0.571875 0.09027777777777778 0.0359375 0.1284722222222222
18 0.6125 0.09375 0.0375 0.1284722222222222
10 0.6546875 0.0798611111111111 0.03125 0.11805555555555555
14 0.7015625 0.08333333333333333 0.0375 0.1388888888888889
3 0.878125 0.09027777777777778 0.0390625 0.125
14 0.921875 0.09027777777777778 0.0359375 0.13194444444444445
13 0.9625 0.09722222222222222 0.0375 0.13541666666666666
0 0.125 0.2361111111111111 0.0390625 0.13194444444444445
1 0.1671875 0.24305555555555555 0.040625 0.13194444444444445
0 0.2125 0.2361111111111111 0.0375 0.125
19 0.296875 0.24305555555555555 0.040625 0.1388888888888889
23 0.390625 0.24305555555555555 0.04375 0.1284722222222222
14 0.525 0.24305555555555555 0.0375 0.1388888888888889
2 0.659375 0.24305555555555555 0.0375 0.13541666666666666
17 0.75 0.23958333333333334 0.040625 0.1423611111111111
18 0.8 0.2534722222222222 0.0375 0.1423611111111111
4 0.84375 0.2534722222222222 0.040625 0.1388888888888889
4 0.1109375 0.4131944444444444 0.0421875 0.1527777777777778
0 0.1609375 0.4131944444444444 0.0375 0.1388888888888889
18 0.2046875 0.4027777777777778 0.0390625 0.125
18 0.528125 0.3993055555555556 0.040625 0.125
15 0.5734375 0.4027777777777778 0.0375 0.13194444444444445
17 0.6171875 0.4027777777777778 0.040625 0.1284722222222222
1 0.803125 0.4097222222222222 0.0421875 0.1388888888888889
24 0.9390625 0.4097222222222222 0.0453125 0.1388888888888889
10 0.15 0.5763888888888888 0.0421875 0.14930555555555555
3 0.2421875 0.5729166666666666 0.040625 0.13541666666666666
12 0.384375 0.5694444444444444 0.0390625 0.13194444444444445
13 0.478125 0.5729166666666666 0.0421875 0.1388888888888889
19 0.5734375 0.5694444444444444 0.0390625 0.13541666666666666
17 0.61875 0.5763888888888888 0.0421875 0.125
8 0.6671875 0.5729166666666666 0.0421875 0.1284722222222222
2 0.715625 0.5729166666666666 0.0390625 0.1423611111111111
10 0.7640625 0.5694444444444444 0.04375 0.13541666666666666
15 0.903125 0.5729166666666666 0.040625 0.125
20 0.95 0.5729166666666666 0.0390625 0.13541666666666666
22 0.096875 0.7465277777777778 0.040625 0.14583333333333334
4 0.1421875 0.7465277777777778 0.0375 0.1527777777777778
17 0.2359375 0.75 0.0390625 0.14930555555555555
4 0.2875 0.75 0.0421875 0.1527777777777778
0 0.3828125 0.75 0.0453125 0.14930555555555555
11 0.4296875 0.7465277777777778 0.0390625 0.1597222222222222
11 0.4796875 0.7465277777777778 0.040625 0.14583333333333334
0 0.5734375 0.7534722222222222 0.0390625 0.14583333333333334
1 0.61875 0.75 0.0375 0.1388888888888889
0 0.66875 0.7465277777777778 0.0390625 0.14583333333333334
3 0.76875 0.75 0.0421875 0.14583333333333334
12 0.9140625 0.75 0.040625 0.1423611111111111
11 0.0875 0.9270833333333334 0.0453125 0.14583333333333334
8 0.134375 0.9270833333333334 0.0359375 0.1423611111111111
21 0.1828125 0.9340277777777778 0.04375 0.13194444444444445
4 0.23125 0.9305555555555556 0.0390625 0.13541666666666666
18 0.2796875 0.9305555555555556 0.0453125 0.1388888888888889