18 0.0390625 0.1111111111111111 0.03125 0.125
20 0.075 0.1076388888888889 0.0359375 0.125
17 0.1125 0.1076388888888889 0.0328125 0.1284722222222222
17 0.15 0.1076388888888889 0.040625 0.1284722222222222
11 0.621875 0.10416666666666667 0.0359375 0.13194444444444445
8 0.9625 0.11458333333333333 0.0359375 0.12152777777777778
17 0.95625 0.2708333333333333 0.0375 0.125
14 0.91875 0.2708333333333333 0.0390625 0.13194444444444445
3 0.878125 0.2743055555555556 0.04375 0.14930555555555555
24 0.7921875 0.2743055555555556 0.040625 0.125
13 0.7078125 0.2743055555555556 0.040625 0.13541666666666666
0 0.61875 0.2777777777777778 0.0359375 0.1388888888888889
14 0.534375 0.2638888888888889 0.0375 0.125
1 0.446875 0.2743055555555556 0.0328125 0.13541666666666666
8 0.2765625 0.2708333333333333 0.034375 0.11805555555555555
5 0.2375 0.2743055555555556 0.0390625 0.1388888888888889
12 0.1171875 0.2638888888888889 0.0375 0.125
13 0.040625 0.2673611111111111 0.0375 0.1284722222222222
5 0.0421875 0.4270833333333333 0.0375 0.1388888888888889
14 0.08125 0.4236111111111111 0.034375 0.13194444444444445
6 0.1171875 0.4236111111111111 0.0375 0.1388888888888889
4 0.2765625 0.4270833333333333 0.0359375 0.125
23 0.31875 0.4305555555555556 0.034375 0.125
0 0.4046875 0.4305555555555556 0.0359375 0.1284722222222222
13 0.446875 0.4270833333333333 0.0375 0.12152777777777778
6 0.490625 0.4236111111111111 0.0375 0.125
13 0.61875 0.4305555555555556 0.040625 0.125
4 0.6609375 0.4305555555555556 0.0375 0.1284722222222222
22 0.7046875 0.4305555555555556 0.0359375 0.1284722222222222
18 0.7453125 0.4340277777777778 0.0359375 0.1284722222222222
13 0.9484375 0.59375 0.0375 0.125
22 0.909375 0.5972222222222222 0.0375 0.1284722222222222
0 0.8703125 0.5902777777777778 0.040625 0.1388888888888889
3 0.828125 0.59375 0.0375 0.1388888888888889
5 0.74375 0.5902777777777778 0.0375 0.125
11 0.61875 0.5902777777777778 0.0375 0.11458333333333333
11 0.578125 0.5833333333333334 0.04375 0.125
0 0.4890625 0.5868055555555556 0.040625 0.125
19 0.3640625 0.59375 0.034375 0.11805555555555555
8 0.2796875 0.5902777777777778 0.040625 0.14583333333333334
13 0.2390625 0.5902777777777778 0.0390625 0.14930555555555555
19 0.159375 0.5833333333333334 0.0375 0.14930555555555555
14 0.0859375 0.7256944444444444 0.03125 0.125
7 0.1984375 0.7361111111111112 0.0359375 0.125
1 0.28125 0.7430555555555556 0.0375 0.12152777777777778
4 0.31875 0.7395833333333334 0.0375 0.125
18 0.446875 0.7430555555555556 0.0390625 0.12152777777777778
11 0.4875 0.7465277777777778 0.0421875 0.125
4 0.5296875 0.7465277777777778 0.0421875 0.125
4 0.571875 0.7430555555555556 0.0421875 0.125
15 0.615625 0.7465277777777778 0.0390625 0.125
12 0.740625 0.7465277777777778 0.0359375 0.12152777777777778
14 0.78125 0.7465277777777778 0.04375 0.11805555555555555
18 0.65625 0.9027777777777778 0.04375 0.1284722222222222
4 0.6125 0.9027777777777778 0.04375 0.1284722222222222
8 0.571875 0.8993055555555556 0.0390625 0.13541666666666666
15 0.5328125 0.8993055555555556 0.0375 0.13541666666666666
8 0.40625 0.8958333333333334 0.04375 0.1388888888888889
17 0.3640625 0.8958333333333334 0.0390625 0.13194444444444445
5 0.321875 0.8923611111111112 0.040625 0.1284722222222222
10 0.203125 0.8854166666666666 0.0421875 0.13541666666666666
14 0.1640625 0.8819444444444444 0.0375 0.13194444444444445
14 0.125 0.8819444444444444 0.0359375 0.13541666666666666
7 0.090625 0.8784722222222222 0.0328125 0.13541666666666666