8 0.1921875 0.0763888888888889 0.0296875 0.1076388888888889
15 0.23125 0.08333333333333333 0.034375 0.125
18 0.271875 0.08333333333333333 0.0359375 0.125
10 0.6078125 0.0763888888888889 0.034375 0.1284722222222222
8 0.6953125 0.0763888888888889 0.0328125 0.11805555555555555
5 0.740625 0.07291666666666667 0.0359375 0.1284722222222222
14 0.871875 0.08333333333333333 0.0390625 0.1388888888888889
6 0.078125 0.24305555555555555 0.0296875 0.12152777777777778
14 0.115625 0.24305555555555555 0.0328125 0.12152777777777778
21 0.2703125 0.2361111111111111 0.03125 0.125
8 0.3125 0.23958333333333334 0.0375 0.1284722222222222
18 0.35625 0.23958333333333334 0.034375 0.12152777777777778
8 0.396875 0.23958333333333334 0.0328125 0.12152777777777778
19 0.4390625 0.23958333333333334 0.0328125 0.13541666666666666
7 0.5234375 0.23958333333333334 0.0359375 0.1284722222222222
10 0.83125 0.22916666666666666 0.034375 0.1388888888888889
8 0.9203125 0.24305555555555555 0.0328125 0.1284722222222222
11 0.075 0.3958333333333333 0.03125 0.125
21 0.1484375 0.3923611111111111 0.034375 0.12152777777777778
17 0.3078125 0.3958333333333333 0.0375 0.1284722222222222
4 0.3515625 0.3923611111111111 0.0328125 0.13541666666666666
1 0.39375 0.3958333333333333 0.0390625 0.13541666666666666
4 0.4359375 0.3958333333333333 0.0375 0.1284722222222222
0 0.5234375 0.3958333333333333 0.0359375 0.13541666666666666
18 0.6078125 0.4027777777777778 0.040625 0.1284722222222222
7 0.6953125 0.4027777777777778 0.034375 0.13194444444444445
18 0.7875 0.40625 0.0359375 0.13194444444444445
4 0.83125 0.40625 0.034375 0.1284722222222222
8 0.1828125 0.5520833333333334 0.0328125 0.1111111111111111
22 0.2640625 0.5590277777777778 0.0328125 0.12152777777777778
14 0.30625 0.5555555555555556 0.0328125 0.12152777777777778
13 0.3484375 0.5555555555555556 0.03125 0.12152777777777778
3 0.39375 0.5555555555555556 0.03125 0.11805555555555555
8 0.5203125 0.5590277777777778 0.0328125 0.11458333333333333
5 0.5640625 0.5625 0.0328125 0.12152777777777778
24 0.653125 0.5694444444444444 0.0375 0.14930555555555555
6 0.7421875 0.5763888888888888 0.0359375 0.1388888888888889
4 0.7875 0.5798611111111112 0.0375 0.1423611111111111
19 0.83125 0.5763888888888888 0.034375 0.1388888888888889
0 0.925 0.5729166666666666 0.0359375 0.14583333333333334
3 0.103125 0.7118055555555556 0.028125 0.1111111111111111
0 0.140625 0.7118055555555556 0.028125 0.11805555555555555
8 0.1796875 0.7152777777777778 0.0328125 0.11805555555555555
11 0.21875 0.71875 0.03125 0.12152777777777778
8 0.3046875 0.7291666666666666 0.0359375 0.125
5 0.346875 0.7222222222222222 0.0359375 0.13194444444444445
24 0.43125 0.7326388888888888 0.0359375 0.125
17 0.51875 0.7222222222222222 0.0375 0.13541666666666666
20 0.5625 0.7326388888888888 0.03125 0.13194444444444445
13 0.60625 0.7291666666666666 0.0375 0.1284722222222222
14 0.69375 0.7395833333333334 0.034375 0.1284722222222222
21 0.740625 0.7430555555555556 0.0421875 0.1423611111111111
18 0.925 0.7430555555555556 0.0390625 0.1388888888888889
18 0.1734375 0.875 0.0375 0.13541666666666666
20 0.2171875 0.875 0.0359375 0.12152777777777778
4 0.3 0.8888888888888888 0.0359375 0.1284722222222222
19 0.3421875 0.8854166666666666 0.0359375 0.13194444444444445
8 0.428125 0.8854166666666666 0.0328125 0.1284722222222222
18 0.475 0.8958333333333334 0.0375 0.1423611111111111
13 0.5203125 0.8923611111111112 0.0328125 0.1388888888888889
19 0.60625 0.9027777777777778 0.0421875 0.1423611111111111
19 0.7390625 0.8993055555555556 0.0421875 0.1423611111111111
4 0.8328125 0.9131944444444444 0.0390625 0.1423611111111111