7 0.24375 0.09375 0.0328125 0.11458333333333333
14 0.2859375 0.08680555555555555 0.0296875 0.1111111111111111
11 0.328125 0.08333333333333333 0.028125 0.1076388888888889
4 0.3703125 0.08680555555555555 0.0296875 0.11458333333333333
18 0.4140625 0.08333333333333333 0.0328125 0.1076388888888889
12 0.5828125 0.08680555555555555 0.0328125 0.10416666666666667
24 0.6234375 0.08680555555555555 0.0296875 0.10416666666666667
20 0.7484375 0.10069444444444445 0.03125 0.1111111111111111
22 0.7875 0.10069444444444445 0.03125 0.1111111111111111
4 0.825 0.10069444444444445 0.03125 0.1111111111111111
10 0.4125 0.4027777777777778 0.028125 0.11805555555555555
8 0.5 0.4027777777777778 0.0296875 0.12152777777777778
8 0.6703125 0.4027777777777778 0.028125 0.11458333333333333
6 0.7546875 0.4027777777777778 0.0296875 0.1076388888888889
14 0.7953125 0.40625 0.03125 0.1111111111111111
6 0.11875 0.5659722222222222 0.028125 0.10416666666666667
14 0.36875 0.5625 0.028125 0.1076388888888889
15 0.45625 0.5590277777777778 0.028125 0.1076388888888889
8 0.4984375 0.5625 0.0296875 0.10416666666666667
13 0.8375 0.5659722222222222 0.0265625 0.10069444444444445
7 0.0734375 0.7222222222222222 0.028125 0.1076388888888889
14 0.1125 0.7222222222222222 0.0296875 0.11805555555555555
11 0.1546875 0.7291666666666666 0.0296875 0.1111111111111111
4 0.1953125 0.7256944444444444 0.0296875 0.11805555555555555
18 0.2375 0.7256944444444444 0.0328125 0.1076388888888889
22 0.628125 0.7256944444444444 0.0328125 0.11805555555555555
0 0.1109375 0.8854166666666666 0.028125 0.1111111111111111
2 0.1921875 0.8819444444444444 0.028125 0.1076388888888889
4 0.2765625 0.8923611111111112 0.03125 0.1111111111111111
18 0.3640625 0.8958333333333334 0.034375 0.12152777777777778