5 0.1359375 0.06597222222222222 0.034375 0.09722222222222222
7 0.2109375 0.06597222222222222 0.03125 0.09722222222222222
5 0.2875 0.06597222222222222 0.03125 0.09375
0 0.328125 0.06597222222222222 0.03125 0.09375
1 0.3625 0.0625 0.028125 0.09722222222222222
6 0.4421875 0.0625 0.0328125 0.10069444444444445
1 0.596875 0.06597222222222222 0.0265625 0.10416666666666667
0 0.1328125 0.1701388888888889 0.03125 0.1076388888888889
20 0.1671875 0.1701388888888889 0.03125 0.1076388888888889
19 0.2453125 0.1701388888888889 0.0328125 0.11458333333333333
12 0.3625 0.16666666666666666 0.0296875 0.1076388888888889
5 0.44375 0.1701388888888889 0.028125 0.10069444444444445
8 0.4796875 0.1701388888888889 0.0296875 0.10416666666666667
12 0.7203125 0.1736111111111111 0.040625 0.11805555555555555
4 0.75625 0.1701388888888889 0.0328125 0.11805555555555555
19 0.796875 0.1597222222222222 0.034375 0.11805555555555555
14 0.159375 0.3055555555555556 0.03125 0.10416666666666667
12 0.2015625 0.3055555555555556 0.0359375 0.1076388888888889
24 0.3203125 0.3055555555555556 0.0328125 0.1111111111111111
19 0.4796875 0.3055555555555556 0.0328125 0.1111111111111111
11 0.721875 0.3020833333333333 0.0359375 0.11458333333333333
20 0.7625 0.2986111111111111 0.034375 0.11805555555555555
2 0.8015625 0.3020833333333333 0.0328125 0.1076388888888889
10 0.84375 0.2986111111111111 0.034375 0.11805555555555555
18 0.1546875 0.4513888888888889 0.0359375 0.12152777777777778
4 0.1953125 0.4548611111111111 0.03125 0.125
21 0.234375 0.4479166666666667 0.0359375 0.125
2 0.3578125 0.4479166666666667 0.0328125 0.1076388888888889
14 0.3953125 0.4479166666666667 0.0328125 0.11458333333333333
3 0.4390625 0.4548611111111111 0.0328125 0.11458333333333333
14 0.6375 0.4513888888888889 0.0296875 0.1284722222222222
5 0.7265625 0.4513888888888889 0.0328125 0.1111111111111111
0 0.7671875 0.4479166666666667 0.0328125 0.11805555555555555
8 0.8078125 0.4513888888888889 0.0359375 0.125
17 0.8515625 0.4479166666666667 0.0375 0.125
18 0.89375 0.4409722222222222 0.034375 0.125
8 0.9359375 0.4444444444444444 0.0328125 0.11805555555555555
22 0.06875 0.6041666666666666 0.034375 0.11458333333333333
3 0.1078125 0.6006944444444444 0.0328125 0.11805555555555555
13 0.1859375 0.6006944444444444 0.0359375 0.11458333333333333
0 0.2734375 0.6006944444444444 0.034375 0.11805555555555555
6 0.3125 0.6006944444444444 0.034375 0.125
17 0.3546875 0.6041666666666666 0.0359375 0.12152777777777778
4 0.396875 0.6006944444444444 0.0328125 0.11805555555555555
4 0.4375 0.5972222222222222 0.0375 0.125
0 0.521875 0.5972222222222222 0.034375 0.12152777777777778
19 0.5625 0.5972222222222222 0.034375 0.11458333333333333
15 0.7296875 0.6006944444444444 0.03125 0.125
17 0.771875 0.59375 0.0359375 0.125
8 0.8140625 0.6006944444444444 0.0359375 0.11805555555555555
2 0.859375 0.5972222222222222 0.034375 0.1284722222222222
4 0.9 0.6006944444444444 0.034375 0.11805555555555555
3 0.0609375 0.7465277777777778 0.0328125 0.1111111111111111
17 0.096875 0.7534722222222222 0.034375 0.1111111111111111
14 0.1359375 0.7534722222222222 0.0359375 0.11805555555555555
15 0.1796875 0.7534722222222222 0.034375 0.12152777777777778
15 0.221875 0.7534722222222222 0.034375 0.11458333333333333
12 0.0515625 0.9131944444444444 0.0359375 0.13194444444444445
8 0.09375 0.9131944444444444 0.034375 0.13194444444444445
11 0.134375 0.9131944444444444 0.0359375 0.13194444444444445
4 0.171875 0.9166666666666666 0.0359375 0.13194444444444445
18 0.3515625 0.7569444444444444 0.0359375 0.11805555555555555
20 0.39375 0.7534722222222222 0.0375 0.12152777777777778
11 0.4375 0.7534722222222222 0.034375 0.1076388888888889
11 0.4765625 0.7534722222222222 0.0359375 0.1284722222222222
11 0.5609375 0.7534722222222222 0.034375 0.125
24 0.6046875 0.7569444444444444 0.0390625 0.125
22 0.303125 0.9166666666666666 0.034375 0.125
0 0.3453125 0.9097222222222222 0.03125 0.125
24 0.3890625 0.9201388888888888 0.034375 0.1284722222222222
7 0.6984375 0.9166666666666666 0.0375 0.125
15 0.740625 0.9201388888888888 0.0375 0.1284722222222222
15 0.7859375 0.9236111111111112 0.0375 0.13541666666666666
4 0.83125 0.9201388888888888 0.0359375 0.1388888888888889
11 0.734375 0.7569444444444444 0.0359375 0.13194444444444445
4 0.7765625 0.7604166666666666 0.0359375 0.1388888888888889
4 0.821875 0.7638888888888888 0.040625 0.14583333333333334
22 0.8703125 0.7604166666666666 0.040625 0.14930555555555555
3 0.9546875 0.7569444444444444 0.0390625 0.1388888888888889