3 0.1 0.06944444444444445 0.03125 0.12152777777777778
13 0.184375 0.06944444444444445 0.03125 0.12152777777777778
22 0.2265625 0.06944444444444445 0.03125 0.11805555555555555
0 0.4421875 0.07291666666666667 0.028125 0.12152777777777778
19 0.6640625 0.0798611111111111 0.034375 0.12152777777777778
11 0.8375 0.08680555555555555 0.034375 0.125
11 0.8765625 0.08680555555555555 0.03125 0.11805555555555555
17 0.8765625 0.2534722222222222 0.03125 0.11805555555555555
0 0.9171875 0.2534722222222222 0.0328125 0.12152777777777778
4 0.6625 0.24305555555555555 0.034375 0.12152777777777778
15 0.1828125 0.2326388888888889 0.034375 0.11805555555555555
0 0.1390625 0.2326388888888889 0.0328125 0.11805555555555555
11 0.1375 0.3993055555555556 0.0296875 0.12152777777777778
0 0.18125 0.3993055555555556 0.03125 0.12152777777777778
15 0.3546875 0.4027777777777778 0.0328125 0.11458333333333333
0 0.396875 0.3993055555555556 0.03125 0.1111111111111111
9 0.659375 0.40625 0.0328125 0.1111111111111111
19 0.746875 0.4097222222222222 0.0328125 0.11805555555555555
18 0.9171875 0.5763888888888888 0.034375 0.11805555555555555
7 0.83125 0.5763888888888888 0.034375 0.11805555555555555
20 0.484375 0.5694444444444444 0.03125 0.1111111111111111
15 0.225 0.5625 0.03125 0.11458333333333333
11 0.1828125 0.5590277777777778 0.034375 0.1111111111111111
4 0.1390625 0.5590277777777778 0.03125 0.11805555555555555
7 0.096875 0.5590277777777778 0.0328125 0.11805555555555555
17 0.096875 0.71875 0.034375 0.11805555555555555
14 0.1359375 0.7222222222222222 0.0296875 0.11805555555555555
11 0.353125 0.7256944444444444 0.0296875 0.11805555555555555
17 0.6140625 0.7326388888888888 0.03125 0.1111111111111111
14 0.8296875 0.8993055555555556 0.034375 0.12152777777777778
14 0.18125 0.8819444444444444 0.034375 0.11805555555555555
14 0.096875 0.8784722222222222 0.0296875 0.11805555555555555