8 0.3921875 0.08333333333333333 0.0359375 0.11805555555555555
17 0.434375 0.08333333333333333 0.0359375 0.125
19 0.4765625 0.09027777777777778 0.0359375 0.1284722222222222
24 0.51875 0.08333333333333333 0.0375 0.1284722222222222
5 0.6046875 0.08680555555555555 0.0375 0.1388888888888889
8 0.6453125 0.08680555555555555 0.03125 0.125
21 0.6890625 0.08680555555555555 0.0421875 0.12152777777777778
4 0.7328125 0.08333333333333333 0.040625 0.11805555555555555
12 0.815625 0.0798611111111111 0.040625 0.12152777777777778
8 0.8609375 0.0798611111111111 0.034375 0.1284722222222222
11 0.8984375 0.0763888888888889 0.03125 0.125
4 0.940625 0.08333333333333333 0.0375 0.13194444444444445
2 0.140625 0.2361111111111111 0.03125 0.11458333333333333
0 0.1796875 0.2326388888888889 0.0296875 0.12152777777777778
15 0.21875 0.22916666666666666 0.0390625 0.1284722222222222
4 0.2625 0.2326388888888889 0.0359375 0.1284722222222222
2 0.390625 0.2326388888888889 0.0359375 0.13541666666666666
11 0.43125 0.23958333333333334 0.0296875 0.1284722222222222
4 0.475 0.2361111111111111 0.0375 0.13194444444444445
18 0.734375 0.2326388888888889 0.0359375 0.125
4 0.778125 0.2361111111111111 0.034375 0.14583333333333334
4 0.13125 0.3888888888888889 0.0359375 0.125
14 0.1703125 0.3888888888888889 0.0375 0.12152777777777778
11 0.2140625 0.3854166666666667 0.03125 0.125
13 0.3 0.3888888888888889 0.0359375 0.12152777777777778
24 0.43125 0.3888888888888889 0.0328125 0.1284722222222222
2 0.2546875 0.5486111111111112 0.0296875 0.1284722222222222
13 0.340625 0.5451388888888888 0.0375 0.11805555555555555
0 0.384375 0.5451388888888888 0.0328125 0.11805555555555555
7 0.4296875 0.5520833333333334 0.0390625 0.13194444444444445
0 0.471875 0.5520833333333334 0.0359375 0.13541666666666666
13 0.51875 0.5486111111111112 0.040625 0.13194444444444445
5 0.60625 0.5486111111111112 0.04375 0.14930555555555555
4 0.6515625 0.5520833333333334 0.0390625 0.13541666666666666
19 0.696875 0.5486111111111112 0.040625 0.1423611111111111
22 0.8796875 0.5520833333333334 0.040625 0.13541666666666666
0 0.9203125 0.5486111111111112 0.0359375 0.13194444444444445
13 0.965625 0.5486111111111112 0.040625 0.13541666666666666
18 0.0765625 0.7118055555555556 0.0390625 0.13194444444444445
8 0.11875 0.7118055555555556 0.0328125 0.1388888888888889
21 0.159375 0.7222222222222222 0.0375 0.14930555555555555
4 0.428125 0.7118055555555556 0.0375 0.1423611111111111
18 0.471875 0.7083333333333334 0.040625 0.13541666666666666
12 0.609375 0.7118055555555556 0.040625 0.13194444444444445
18 0.7 0.7256944444444444 0.040625 0.1423611111111111
20 0.7453125 0.7222222222222222 0.0421875 0.14583333333333334
17 0.79375 0.7222222222222222 0.040625 0.1527777777777778
18 0.38125 0.8854166666666666 0.04375 0.13194444444444445
11 0.4734375 0.8854166666666666 0.04375 0.14583333333333334
13 0.559375 0.8854166666666666 0.040625 0.1527777777777778
18 0.7984375 0.8958333333333334 0.040625 0.16666666666666666
4 0.84375 0.8923611111111112 0.0390625 0.15625