18 0.01875 0.11458333333333333 0.0328125 0.10416666666666667
17 0.225 0.1111111111111111 0.0296875 0.10416666666666667
6 0.309375 0.1111111111111111 0.028125 0.10416666666666667
4 0.3515625 0.1111111111111111 0.03125 0.10416666666666667
19 0.39375 0.11805555555555555 0.0296875 0.10416666666666667
0 0.1375 0.2604166666666667 0.0328125 0.1111111111111111
8 0.3515625 0.2673611111111111 0.0328125 0.11458333333333333
3 0.3921875 0.2673611111111111 0.0296875 0.11458333333333333
14 0.603125 0.2708333333333333 0.034375 0.12152777777777778
0 0.090625 0.4166666666666667 0.0359375 0.11458333333333333
11 0.13125 0.4236111111111111 0.0328125 0.11458333333333333
11 0.1734375 0.4236111111111111 0.034375 0.1111111111111111
20 0.4765625 0.4236111111111111 0.03125 0.1111111111111111
14 0.0828125 0.5833333333333334 0.0328125 0.11805555555555555
8 0.4765625 0.5798611111111112 0.03125 0.11805555555555555
12 0.5203125 0.5833333333333334 0.034375 0.1284722222222222
3 0.7359375 0.5902777777777778 0.0328125 0.1284722222222222
0 0.0390625 0.7465277777777778 0.0328125 0.11458333333333333
3 0.2125 0.7465277777777778 0.034375 0.11805555555555555
21 0.3 0.75 0.0359375 0.125
8 0.3453125 0.75 0.034375 0.11805555555555555
11 0.3890625 0.75 0.0359375 0.1284722222222222
0 0.4796875 0.7465277777777778 0.0359375 0.125
17 0.5640625 0.75 0.0328125 0.12152777777777778
14 0.6078125 0.75 0.034375 0.125
15 0.6515625 0.75 0.0328125 0.1284722222222222
3 0.7828125 0.7534722222222222 0.034375 0.125
3 0.865625 0.7534722222222222 0.03125 0.1111111111111111
3 0.1671875 0.9131944444444444 0.034375 0.125
18 0.253125 0.9166666666666666 0.0328125 0.125
4 0.2984375 0.9166666666666666 0.0328125 0.12152777777777778
14 0.6984375 0.9201388888888888 0.034375 0.12152777777777778
12 0.7421875 0.9166666666666666 0.0328125 0.12152777777777778
0 0.8265625 0.9131944444444444 0.0296875 0.12152777777777778