22 0.2328125 0.09027777777777778 0.034375 0.11805555555555555
4 0.275 0.08680555555555555 0.0359375 0.11458333333333333
3 0.3625 0.09375 0.0359375 0.12152777777777778
14 0.40625 0.09375 0.0359375 0.11805555555555555
13 0.45 0.09722222222222222 0.0359375 0.12152777777777778
19 0.5375 0.09722222222222222 0.0359375 0.11458333333333333
5 0.6265625 0.09722222222222222 0.0359375 0.11458333333333333
4 0.6703125 0.09722222222222222 0.03125 0.1111111111111111
4 0.7140625 0.09722222222222222 0.03125 0.11458333333333333
11 0.7578125 0.10416666666666667 0.034375 0.1111111111111111
11 0.8484375 0.10416666666666667 0.0390625 0.11458333333333333
6 0.93125 0.1111111111111111 0.034375 0.11458333333333333
20 0.9734375 0.11458333333333333 0.03125 0.12152777777777778
3 0.1 0.2465277777777778 0.034375 0.11805555555555555
8 0.14375 0.25 0.034375 0.11805555555555555
18 0.1890625 0.25 0.0359375 0.11458333333333333
10 0.23125 0.2534722222222222 0.034375 0.12152777777777778
14 0.2734375 0.2534722222222222 0.034375 0.11805555555555555
4 0.7546875 0.4305555555555556 0.034375 0.12152777777777778
11 0.7984375 0.4305555555555556 0.034375 0.12152777777777778
11 0.84375 0.4340277777777778 0.0328125 0.12152777777777778
10 0.05625 0.5729166666666666 0.0390625 0.1284722222222222
3 0.1421875 0.5763888888888888 0.034375 0.12152777777777778
10 0.31875 0.5798611111111112 0.040625 0.12152777777777778
3 0.4046875 0.5868055555555556 0.034375 0.125
3 0.534375 0.5902777777777778 0.0359375 0.13194444444444445
17 0.578125 0.5902777777777778 0.0359375 0.1284722222222222
8 0.6203125 0.5902777777777778 0.034375 0.1284722222222222
5 0.6640625 0.59375 0.0359375 0.1284722222222222
19 0.7078125 0.59375 0.0390625 0.12152777777777778
11 0.14375 0.7361111111111112 0.040625 0.11458333333333333
11 0.1859375 0.7395833333333334 0.0375 0.12152777777777778
15 0.6171875 0.9166666666666666 0.0328125 0.1111111111111111
17 0.6609375 0.9166666666666666 0.0359375 0.11805555555555555
18 0.7484375 0.9236111111111112 0.034375 0.1076388888888889
18 0.79375 0.9236111111111112 0.0359375 0.1111111111111111
8 0.8375 0.9236111111111112 0.034375 0.10416666666666667