0 0.0890625 0.20833333333333334 0.0328125 0.11805555555555555
1 0.1328125 0.21180555555555555 0.0375 0.12152777777777778
22 0.21875 0.21180555555555555 0.0359375 0.125
0 0.259375 0.21180555555555555 0.03125 0.12152777777777778
13 0.3078125 0.2152777777777778 0.0375 0.1284722222222222
22 0.3984375 0.22569444444444445 0.0375 0.125
4 0.4421875 0.22916666666666666 0.034375 0.1284722222222222
4 0.484375 0.22916666666666666 0.0390625 0.12152777777777778
10 0.5296875 0.22916666666666666 0.0375 0.125
18 0.6625 0.2361111111111111 0.0359375 0.11805555555555555
5 0.7484375 0.2361111111111111 0.0359375 0.12152777777777778
5 0.215625 0.375 0.0375 0.11458333333333333
8 0.1703125 0.375 0.0390625 0.11458333333333333
8 0.3515625 0.3854166666666667 0.0375 0.12152777777777778
2 0.4421875 0.3819444444444444 0.0359375 0.1111111111111111
13 0.6609375 0.3993055555555556 0.034375 0.11805555555555555
11 0.9640625 0.4166666666666667 0.0390625 0.125
11 0.4421875 0.5555555555555556 0.0390625 0.11805555555555555
14 0.6609375 0.5659722222222222 0.0359375 0.11458333333333333
8 0.7078125 0.5694444444444444 0.034375 0.11805555555555555
22 0.965625 0.5798611111111112 0.03125 0.11458333333333333
6 0.078125 0.71875 0.0328125 0.125
11 0.11875 0.7152777777777778 0.0359375 0.1284722222222222
14 0.1625 0.71875 0.034375 0.12152777777777778
17 0.20625 0.7152777777777778 0.0375 0.125
24 0.253125 0.7222222222222222 0.040625 0.1284722222222222
0 0.3921875 0.7222222222222222 0.034375 0.11805555555555555
13 0.4359375 0.7256944444444444 0.040625 0.13194444444444445
10 0.6828125 0.7326388888888888 0.040625 0.12152777777777778
12 0.7515625 0.7395833333333334 0.0328125 0.12152777777777778
11 0.8828125 0.7430555555555556 0.034375 0.12152777777777778
24 0.115625 0.8888888888888888 0.0328125 0.13194444444444445
6 0.296875 0.8923611111111112 0.0359375 0.11805555555555555
8 0.34375 0.8923611111111112 0.034375 0.125
4 0.4359375 0.8958333333333334 0.0359375 0.13194444444444445
7 0.5265625 0.8958333333333334 0.0359375 0.125
0 0.6625 0.8993055555555556 0.040625 0.1284722222222222
4 0.7984375 0.9097222222222222 0.034375 0.1284722222222222
14 0.884375 0.9097222222222222 0.0359375 0.1284722222222222
15 0.928125 0.9097222222222222 0.0328125 0.1284722222222222
12 0.9703125 0.9097222222222222 0.0328125 0.13194444444444445