8 0.23125 0.13194444444444445 0.0328125 0.1597222222222222
1 0.434375 0.125 0.034375 0.15625
18 0.603125 0.1111111111111111 0.0328125 0.125
17 0.60625 0.2708333333333333 0.046875 0.13194444444444445
3 0.521875 0.2673611111111111 0.04375 0.125
17 0.2328125 0.2847222222222222 0.0421875 0.13194444444444445
14 0.190625 0.2847222222222222 0.040625 0.1284722222222222
3 0.15 0.28125 0.0375 0.13541666666666666
24 0.0734375 0.2881944444444444 0.04375 0.1527777777777778
18 0.0359375 0.4444444444444444 0.0328125 0.125
5 0.0359375 0.59375 0.0421875 0.1284722222222222
3 0.1109375 0.5902777777777778 0.0390625 0.1388888888888889
0 0.15 0.59375 0.0375 0.13541666666666666
22 0.190625 0.5902777777777778 0.0390625 0.13194444444444445
13 0.2296875 0.59375 0.0390625 0.1284722222222222
3 0.3953125 0.59375 0.040625 0.13541666666666666
0 0.4359375 0.59375 0.0375 0.13541666666666666
13 0.4765625 0.5902777777777778 0.04375 0.1388888888888889
7 0.6921875 0.5868055555555556 0.04375 0.13194444444444445
21 0.7796875 0.5868055555555556 0.0453125 0.1423611111111111
4 0.8265625 0.5868055555555556 0.04375 0.1388888888888889
24 0.8734375 0.5902777777777778 0.0484375 0.1423611111111111
14 0.871875 0.7534722222222222 0.0375 0.13194444444444445
19 0.8296875 0.7569444444444444 0.04375 0.1388888888888889
3 0.65 0.75 0.0421875 0.1284722222222222
12 0.5625 0.7465277777777778 0.04375 0.13194444444444445
20 0.5203125 0.75 0.040625 0.13541666666666666
19 0.4796875 0.75 0.04375 0.1284722222222222
3 0.3546875 0.7465277777777778 0.04375 0.13194444444444445
14 0.075 0.7465277777777778 0.0375 0.1388888888888889
12 0.0390625 0.7534722222222222 0.034375 0.14930555555555555
13 0.3140625 0.9027777777777778 0.040625 0.1388888888888889
14 0.3546875 0.8993055555555556 0.0375 0.13194444444444445
17 0.4375 0.9027777777777778 0.0375 0.1284722222222222
18 0.521875 0.8993055555555556 0.0375 0.12152777777777778
14 0.5625 0.8993055555555556 0.040625 0.12152777777777778
13 0.60625 0.9027777777777778 0.0453125 0.1284722222222222
24 0.740625 0.9131944444444444 0.0484375 0.13541666666666666
24 0.8765625 0.9166666666666666 0.04375 0.13541666666666666