18 0.0671875 0.10416666666666667 0.0296875 0.1076388888888889
2 0.0984375 0.09722222222222222 0.028125 0.1111111111111111
4 0.165625 0.0798611111111111 0.028125 0.10416666666666667
13 0.1609375 0.20833333333333334 0.0328125 0.11458333333333333
4 0.1984375 0.20833333333333334 0.0328125 0.11458333333333333
23 0.2359375 0.21180555555555555 0.0328125 0.11805555555555555
19 0.275 0.2048611111111111 0.0328125 0.11805555555555555
22 0.35 0.20833333333333334 0.0359375 0.125
4 0.3890625 0.20833333333333334 0.0328125 0.11458333333333333
4 0.4265625 0.21180555555555555 0.028125 0.11805555555555555
10 0.4625 0.21180555555555555 0.034375 0.11805555555555555
12 0.65 0.2013888888888889 0.0375 0.12152777777777778
8 0.5765625 0.20833333333333334 0.034375 0.12152777777777778
6 0.7234375 0.20833333333333334 0.034375 0.11805555555555555
14 0.7625 0.20833333333333334 0.034375 0.11458333333333333
18 0.9453125 0.20833333333333334 0.0296875 0.11805555555555555
4 0.075 0.3576388888888889 0.028125 0.11458333333333333
3 0.1234375 0.3541666666666667 0.0328125 0.11805555555555555
24 0.1609375 0.3541666666666667 0.0296875 0.10416666666666667
1 0.1578125 0.4895833333333333 0.03125 0.1111111111111111
24 0.1953125 0.4930555555555556 0.028125 0.11805555555555555
4 0.2328125 0.4930555555555556 0.03125 0.125
1 0.309375 0.4861111111111111 0.028125 0.11805555555555555
24 0.3515625 0.4895833333333333 0.0359375 0.1111111111111111
4 0.3921875 0.4861111111111111 0.0296875 0.11458333333333333
0 0.4625 0.4826388888888889 0.03125 0.13194444444444445
15 0.503125 0.4861111111111111 0.0328125 0.11458333333333333
15 0.5421875 0.4826388888888889 0.03125 0.1111111111111111
11 0.5828125 0.4895833333333333 0.0359375 0.11805555555555555
4 0.6234375 0.4826388888888889 0.0375 0.125
15 0.6953125 0.4861111111111111 0.0359375 0.11805555555555555
8 0.7359375 0.4861111111111111 0.03125 0.11458333333333333
4 0.771875 0.4826388888888889 0.0296875 0.11458333333333333