2 0.240625 0.11805555555555555 0.0328125 0.11458333333333333
17 0.3171875 0.11458333333333333 0.0359375 0.11458333333333333
8 0.359375 0.11458333333333333 0.03125 0.1076388888888889
4 0.3984375 0.11458333333333333 0.0328125 0.12152777777777778
10 0.5015625 0.10416666666666667 0.0390625 0.1388888888888889
15 0.5640625 0.10069444444444445 0.0359375 0.12152777777777778
8 0.60625 0.10416666666666667 0.034375 0.1284722222222222
19 0.65 0.09375 0.0375 0.1284722222222222
12 0.6921875 0.09375 0.0359375 0.1284722222222222
0 0.7328125 0.09027777777777778 0.0328125 0.12152777777777778
13 0.7765625 0.09027777777777778 0.034375 0.11805555555555555
4 0.278125 0.2673611111111111 0.034375 0.11805555555555555
22 0.359375 0.2569444444444444 0.0359375 0.125
0 0.4 0.2604166666666667 0.034375 0.11805555555555555
13 0.440625 0.2534722222222222 0.03125 0.11805555555555555
19 0.48125 0.2534722222222222 0.034375 0.1284722222222222
19 0.65 0.25 0.0390625 0.1284722222222222
17 0.69375 0.24305555555555555 0.0390625 0.125
0 0.7375 0.2465277777777778 0.0359375 0.1284722222222222
3 0.7796875 0.2465277777777778 0.0390625 0.1284722222222222
4 0.8234375 0.25 0.0375 0.12152777777777778
17 0.03125 0.4305555555555556 0.0390625 0.13194444444444445
18 0.071875 0.4305555555555556 0.0375 0.125
8 0.1109375 0.4236111111111111 0.03125 0.1076388888888889
18 0.2703125 0.4166666666666667 0.0375 0.12152777777777778
20 0.3546875 0.4131944444444444 0.034375 0.125
8 0.396875 0.4166666666666667 0.03125 0.1076388888888889
3 0.4390625 0.4166666666666667 0.0375 0.1423611111111111
1 0.565625 0.4131944444444444 0.0359375 0.125
3 0.696875 0.3993055555555556 0.0359375 0.11458333333333333
8 0.740625 0.3993055555555556 0.034375 0.1284722222222222
18 0.7859375 0.3993055555555556 0.0359375 0.1388888888888889
10 0.8265625 0.40625 0.0359375 0.1284722222222222
14 0.871875 0.4027777777777778 0.0328125 0.1284722222222222
2 0.028125 0.5729166666666666 0.0375 0.12152777777777778
4 0.06875 0.5729166666666666 0.034375 0.12152777777777778
0 0.3953125 0.5659722222222222 0.0328125 0.12152777777777778
17 0.4828125 0.5659722222222222 0.0359375 0.1284722222222222
8 0.525 0.5694444444444444 0.034375 0.1284722222222222
4 0.5671875 0.5659722222222222 0.0390625 0.13194444444444445
22 0.01875 0.7291666666666666 0.0359375 0.13541666666666666
3 0.0984375 0.7361111111111112 0.0359375 0.12152777777777778
0 0.2640625 0.7326388888888888 0.0359375 0.12152777777777778
13 0.3078125 0.7361111111111112 0.0359375 0.125
14 0.39375 0.7326388888888888 0.0375 0.13194444444444445
17 0.4375 0.7361111111111112 0.0390625 0.13194444444444445
7 0.5703125 0.7291666666666666 0.0390625 0.13541666666666666
0 0.6140625 0.7291666666666666 0.03125 0.12152777777777778
11 0.659375 0.7256944444444444 0.034375 0.125
5 0.703125 0.7291666666666666 0.0328125 0.13194444444444445
0 0.7953125 0.7256944444444444 0.0359375 0.12152777777777778
17 0.175 0.8993055555555556 0.040625 0.14583333333333334
8 0.2171875 0.9027777777777778 0.0375 0.1388888888888889
10 0.2578125 0.8958333333333334 0.0375 0.1423611111111111
14 0.3875 0.8958333333333334 0.0359375 0.13194444444444445
13 0.434375 0.8993055555555556 0.0390625 0.14583333333333334
18 0.61875 0.8923611111111112 0.040625 0.14930555555555555