3 0.0375 0.08680555555555555 0.0359375 0.1111111111111111
21 0.1234375 0.08333333333333333 0.034375 0.1111111111111111
11 0.428125 0.08680555555555555 0.0390625 0.11458333333333333
11 0.4703125 0.08680555555555555 0.034375 0.1111111111111111
17 0.6859375 0.08333333333333333 0.03125 0.1111111111111111
4 0.728125 0.08333333333333333 0.0359375 0.1076388888888889
10 0.253125 0.24305555555555555 0.034375 0.1111111111111111
11 0.2984375 0.25 0.0375 0.11805555555555555
14 0.6 0.25 0.0328125 0.11458333333333333
4 0.6859375 0.2465277777777778 0.034375 0.11458333333333333
3 0.9015625 0.25 0.03125 0.11805555555555555
6 0.2546875 0.4131944444444444 0.034375 0.12152777777777778
0 0.296875 0.4131944444444444 0.034375 0.11458333333333333
0 0.428125 0.4097222222222222 0.0328125 0.1111111111111111
24 0.471875 0.4097222222222222 0.034375 0.11458333333333333
13 0.6421875 0.4097222222222222 0.03125 0.1111111111111111
3 0.775 0.4166666666666667 0.034375 0.1284722222222222
2 0.0328125 0.5729166666666666 0.03125 0.11458333333333333
0 0.075 0.5729166666666666 0.034375 0.1111111111111111
19 0.1203125 0.5763888888888888 0.0359375 0.125
19 0.515625 0.5763888888888888 0.0375 0.125
13 0.6875 0.5763888888888888 0.034375 0.12152777777777778
7 0.946875 0.5694444444444444 0.0359375 0.11458333333333333
6 0.0328125 0.7361111111111112 0.034375 0.125
17 0.075 0.7395833333333334 0.034375 0.13194444444444445
11 0.296875 0.7395833333333334 0.0375 0.125
4 0.946875 0.7326388888888888 0.03125 0.11458333333333333
3 0.075 0.8993055555555556 0.034375 0.11458333333333333
0 0.121875 0.8993055555555556 0.034375 0.1111111111111111
13 0.1640625 0.8993055555555556 0.0359375 0.12152777777777778
7 0.4265625 0.9027777777777778 0.034375 0.12152777777777778
4 0.4703125 0.9027777777777778 0.034375 0.12152777777777778