18 0.09375 0.2881944444444444 0.034375 0.1111111111111111
8 0.134375 0.2881944444444444 0.034375 0.125
3 0.1734375 0.2916666666666667 0.0328125 0.11805555555555555
4 0.2140625 0.2951388888888889 0.0359375 0.13194444444444445
3 0.3359375 0.3020833333333333 0.03125 0.12152777777777778
14 0.3734375 0.2986111111111111 0.034375 0.11458333333333333
3 0.4140625 0.2986111111111111 0.0375 0.11805555555555555
6 0.453125 0.2986111111111111 0.0359375 0.11458333333333333
4 0.496875 0.2986111111111111 0.0359375 0.12152777777777778
2 0.53125 0.16319444444444445 0.034375 0.1076388888888889
0 0.5703125 0.1597222222222222 0.0296875 0.11458333333333333
15 0.6078125 0.15625 0.0375 0.1111111111111111
19 0.6484375 0.15625 0.034375 0.1111111111111111
0 0.6859375 0.15625 0.03125 0.1111111111111111
18 0.7671875 0.1527777777777778 0.0359375 0.1111111111111111
14 0.690625 0.2916666666666667 0.034375 0.1076388888888889
19 0.7328125 0.2916666666666667 0.0359375 0.12152777777777778
2 0.88125 0.1527777777777778 0.0328125 0.11805555555555555
17 0.959375 0.1527777777777778 0.034375 0.11458333333333333
24 0.93125 0.2951388888888889 0.0375 0.11805555555555555
18 0.0484375 0.4375 0.0328125 0.11458333333333333
22 0.0859375 0.4340277777777778 0.0328125 0.11805555555555555
4 0.125 0.4340277777777778 0.03125 0.12152777777777778
4 0.1640625 0.4375 0.034375 0.125
15 0.20625 0.4375 0.034375 0.1111111111111111
18 0.25 0.4409722222222222 0.0359375 0.11805555555555555
5 0.53125 0.4340277777777778 0.03125 0.1111111111111111
11 0.571875 0.4409722222222222 0.0328125 0.12152777777777778
20 0.615625 0.4409722222222222 0.0328125 0.11458333333333333
17 0.6546875 0.4340277777777778 0.0359375 0.1111111111111111
17 0.69375 0.4444444444444444 0.034375 0.12152777777777778
24 0.7375 0.4375 0.034375 0.11805555555555555
3 0.8578125 0.4305555555555556 0.0375 0.12152777777777778
18 0.0375 0.5833333333333334 0.0375 0.1388888888888889
20 0.115625 0.5833333333333334 0.0375 0.1284722222222222
8 0.159375 0.5868055555555556 0.034375 0.125
3 0.203125 0.5833333333333334 0.040625 0.12152777777777778
11 0.2859375 0.5833333333333334 0.0421875 0.13194444444444445
0 0.3296875 0.5868055555555556 0.0359375 0.125
24 0.3703125 0.5902777777777778 0.0328125 0.125
14 0.4515625 0.5868055555555556 0.034375 0.1111111111111111
13 0.4921875 0.5833333333333334 0.034375 0.11805555555555555
3 0.65625 0.5868055555555556 0.0375 0.125
4 0.6984375 0.5868055555555556 0.040625 0.125
2 0.7390625 0.5868055555555556 0.0375 0.12152777777777778
10 0.784375 0.5868055555555556 0.0390625 0.12152777777777778
22 0.0296875 0.7361111111111112 0.034375 0.1388888888888889
4 0.06875 0.7430555555555556 0.034375 0.1284722222222222
11 0.1078125 0.7430555555555556 0.0390625 0.11805555555555555
11 0.1515625 0.7361111111111112 0.0390625 0.12152777777777778
0 0.28125 0.7361111111111112 0.0390625 0.125
11 0.365625 0.7430555555555556 0.0375 0.1388888888888889
11 0.4109375 0.7361111111111112 0.0390625 0.1284722222222222
18 0.49375 0.7465277777777778 0.0390625 0.13194444444444445
11 0.5359375 0.7395833333333334 0.034375 0.13194444444444445
8 0.575 0.7326388888888888 0.0359375 0.125
12 0.6171875 0.7395833333333334 0.0390625 0.1284722222222222
24 0.6625 0.7430555555555556 0.04375 0.13541666666666666
15 0.7453125 0.7361111111111112 0.0375 0.125
8 0.79375 0.7395833333333334 0.034375 0.12152777777777778
4 0.83125 0.7430555555555556 0.0359375 0.13541666666666666
2 0.8734375 0.7395833333333334 0.0328125 0.12152777777777778
4 0.9140625 0.7430555555555556 0.0375 0.125
0 0.021875 0.8958333333333334 0.03125 0.11805555555555555
19 0.0609375 0.8993055555555556 0.0375 0.13541666666666666
19 0.23125 0.9027777777777778 0.0375 0.125
8 0.2765625 0.9097222222222222 0.0375 0.125
15 0.31875 0.9097222222222222 0.0390625 0.13194444444444445
0 0.4515625 0.90625 0.0328125 0.12152777777777778
2 0.5359375 0.8993055555555556 0.0375 0.1284722222222222
11 0.5765625 0.9027777777777778 0.034375 0.13194444444444445
0 0.61875 0.9027777777777778 0.0390625 0.1284722222222222
12 0.665625 0.9027777777777778 0.0375 0.1284722222222222
1 0.753125 0.90625 0.0375 0.1423611111111111
0 0.7953125 0.9027777777777778 0.034375 0.1388888888888889
8 0.8390625 0.9027777777777778 0.0390625 0.14583333333333334
19 0.8859375 0.9027777777777778 0.040625 0.1388888888888889