15 0.11875 0.10069444444444445 0.034375 0.12152777777777778
8 0.1578125 0.10416666666666667 0.034375 0.12152777777777778
4 0.1984375 0.10069444444444445 0.0375 0.12152777777777778
2 0.240625 0.10069444444444445 0.0390625 0.11805555555555555
4 0.284375 0.09722222222222222 0.040625 0.12152777777777778
12 0.546875 0.11458333333333333 0.034375 0.13541666666666666
3 0.6328125 0.11458333333333333 0.0375 0.125
8 0.865625 0.12152777777777778 0.040625 0.12152777777777778
12 0.965625 0.13541666666666666 0.034375 0.11805555555555555
3 0.11875 0.2569444444444444 0.034375 0.11805555555555555
14 0.15625 0.2604166666666667 0.0328125 0.12152777777777778
19 0.2828125 0.2708333333333333 0.034375 0.1111111111111111
3 0.371875 0.2777777777777778 0.0359375 0.11805555555555555
4 0.4140625 0.2777777777777778 0.034375 0.12152777777777778
21 0.54375 0.2777777777777778 0.034375 0.11805555555555555
0 0.8421875 0.2777777777777778 0.03125 0.10416666666666667
19 0.1171875 0.4201388888888889 0.0328125 0.125
0 0.196875 0.4236111111111111 0.0328125 0.10416666666666667
12 0.2390625 0.4236111111111111 0.0328125 0.1111111111111111
18 0.328125 0.4340277777777778 0.034375 0.1076388888888889
7 0.5015625 0.4340277777777778 0.034375 0.1076388888888889
14 0.88125 0.4479166666666667 0.034375 0.1076388888888889
1 0.115625 0.5798611111111112 0.0328125 0.11458333333333333
11 0.15625 0.5833333333333334 0.0375 0.11805555555555555
0 0.1953125 0.5763888888888888 0.0328125 0.10416666666666667
12 0.240625 0.5833333333333334 0.0375 0.12152777777777778
4 0.2828125 0.5868055555555556 0.040625 0.12152777777777778
18 0.4125 0.59375 0.0375 0.125
8 0.4578125 0.5868055555555556 0.0359375 0.1111111111111111
3 0.4984375 0.5902777777777778 0.0359375 0.11458333333333333
24 0.1578125 0.7465277777777778 0.0375 0.12152777777777778
24 0.4125 0.7534722222222222 0.034375 0.12152777777777778
2 0.540625 0.7534722222222222 0.0359375 0.1076388888888889
4 0.66875 0.7638888888888888 0.0328125 0.11805555555555555
2 0.79375 0.7569444444444444 0.03125 0.1111111111111111
15 0.875 0.7638888888888888 0.0328125 0.11458333333333333
7 0.1203125 0.8958333333333334 0.0375 0.12152777777777778
3 0.2 0.9027777777777778 0.034375 0.1111111111111111