14 0.18125 0.09375 0.034375 0.11458333333333333
11 0.265625 0.09375 0.03125 0.11458333333333333
24 0.3109375 0.09027777777777778 0.034375 0.12152777777777778
10 0.5046875 0.09375 0.0359375 0.11458333333333333
10 0.85 0.09375 0.034375 0.1111111111111111
7 0.95625 0.09722222222222222 0.0328125 0.1111111111111111
22 0.096875 0.2534722222222222 0.0328125 0.11805555555555555
8 0.1375 0.2534722222222222 0.034375 0.12152777777777778
11 0.18125 0.2534722222222222 0.0359375 0.11805555555555555
3 0.2234375 0.2534722222222222 0.0328125 0.11805555555555555
19 0.571875 0.2534722222222222 0.0359375 0.11458333333333333
17 0.6578125 0.2534722222222222 0.034375 0.11805555555555555
2 0.0953125 0.4131944444444444 0.034375 0.1111111111111111
17 0.1359375 0.4131944444444444 0.034375 0.11805555555555555
0 0.178125 0.4131944444444444 0.0328125 0.11458333333333333
5 0.221875 0.4166666666666667 0.0328125 0.12152777777777778
19 0.265625 0.4166666666666667 0.034375 0.11458333333333333
6 0.528125 0.4236111111111111 0.034375 0.12152777777777778
19 0.6125 0.4166666666666667 0.034375 0.11805555555555555
11 0.659375 0.4166666666666667 0.0359375 0.11805555555555555
4 0.7015625 0.4166666666666667 0.03125 0.11805555555555555
1 0.8328125 0.4166666666666667 0.034375 0.11805555555555555
17 0.875 0.4166666666666667 0.034375 0.11805555555555555
5 0.09375 0.5798611111111112 0.03125 0.12152777777777778
20 0.134375 0.5798611111111112 0.0328125 0.11805555555555555
17 0.1765625 0.5798611111111112 0.03125 0.12152777777777778
6 0.309375 0.5833333333333334 0.03125 0.11805555555555555
1 0.790625 0.5798611111111112 0.0296875 0.1076388888888889
17 0.8765625 0.5833333333333334 0.0328125 0.11458333333333333
4 0.91875 0.5833333333333334 0.03125 0.11458333333333333
20 0.09375 0.7430555555555556 0.0328125 0.11805555555555555
15 0.134375 0.7430555555555556 0.0328125 0.11805555555555555
0 0.21875 0.7465277777777778 0.03125 0.11805555555555555
17 0.3515625 0.7430555555555556 0.034375 0.11458333333333333
21 0.5703125 0.7430555555555556 0.0328125 0.11805555555555555
11 0.7890625 0.7465277777777778 0.03125 0.1111111111111111
24 0.834375 0.7465277777777778 0.034375 0.11458333333333333
15 0.91875 0.7430555555555556 0.0328125 0.1111111111111111
7 0.0921875 0.90625 0.0328125 0.12152777777777778
21 0.1328125 0.90625 0.03125 0.12152777777777778
13 0.175 0.9097222222222222 0.034375 0.11458333333333333
6 0.21875 0.9097222222222222 0.0328125 0.11805555555555555
13 0.6578125 0.9097222222222222 0.0328125 0.11805555555555555
0 0.834375 0.9097222222222222 0.034375 0.11805555555555555