2 0.0890625 0.05555555555555555 0.0328125 0.1076388888888889
0 0.1296875 0.059027777777777776 0.028125 0.1076388888888889
11 0.171875 0.059027777777777776 0.0328125 0.11458333333333333
11 0.215625 0.06597222222222222 0.0328125 0.125
7 0.3890625 0.06944444444444445 0.0359375 0.12152777777777778
14 0.4296875 0.07291666666666667 0.034375 0.1284722222222222
15 0.475 0.07291666666666667 0.034375 0.125
15 0.51875 0.06944444444444445 0.0328125 0.125
0 0.5578125 0.07291666666666667 0.03125 0.11805555555555555
11 0.6015625 0.07291666666666667 0.0359375 0.12152777777777778
14 0.64375 0.0763888888888889 0.0375 0.12152777777777778
11 0.078125 0.20833333333333334 0.034375 0.1423611111111111
0 0.121875 0.2152777777777778 0.0328125 0.1284722222222222
22 0.253125 0.21875 0.0359375 0.11805555555555555
4 0.2984375 0.21875 0.034375 0.11805555555555555
4 0.3421875 0.2222222222222222 0.0375 0.11458333333333333
10 0.3859375 0.2222222222222222 0.034375 0.12152777777777778
7 0.1140625 0.3715277777777778 0.0359375 0.1284722222222222
14 0.1578125 0.375 0.034375 0.125
15 0.2 0.3784722222222222 0.0375 0.13194444444444445
15 0.2484375 0.375 0.034375 0.11805555555555555
0 0.2921875 0.375 0.03125 0.11805555555555555
11 0.3390625 0.3854166666666667 0.0390625 0.13541666666666666
14 0.38125 0.3819444444444444 0.0359375 0.13194444444444445
19 0.915625 0.3958333333333333 0.0375 0.125
2 0.10625 0.53125 0.034375 0.11458333333333333
8 0.9078125 0.2361111111111111 0.0359375 0.1284722222222222
4 0.9484375 0.2361111111111111 0.0328125 0.12152777777777778
8 0.5140625 0.3888888888888889 0.0359375 0.11805555555555555
0 0.5578125 0.3854166666666667 0.0328125 0.12152777777777778
14 0.15 0.5347222222222222 0.0359375 0.1284722222222222
17 0.1953125 0.5347222222222222 0.0375 0.13194444444444445
21 0.2421875 0.5416666666666666 0.0359375 0.1388888888888889
4 0.2875 0.5416666666666666 0.0375 0.1388888888888889
19 0.334375 0.5416666666666666 0.0375 0.13541666666666666
19 0.38125 0.5451388888888888 0.040625 0.1284722222222222
4 0.425 0.5381944444444444 0.0359375 0.13541666666666666
18 0.46875 0.5416666666666666 0.0375 0.13194444444444445
0 0.096875 0.6944444444444444 0.0359375 0.1284722222222222
8 0.1421875 0.6979166666666666 0.0375 0.1284722222222222
17 0.1875 0.7013888888888888 0.040625 0.1388888888888889
3 0.375 0.7048611111111112 0.0359375 0.1284722222222222
18 0.421875 0.7048611111111112 0.0375 0.13541666666666666
4 0.6484375 0.7152777777777778 0.0359375 0.13541666666666666
0 0.603125 0.5416666666666666 0.0328125 0.125
13 0.6484375 0.5486111111111112 0.0421875 0.12152777777777778
24 0.6953125 0.5486111111111112 0.0375 0.13194444444444445
19 0.7859375 0.5520833333333334 0.0375 0.13194444444444445
20 0.83125 0.5520833333333334 0.0390625 0.13194444444444445
17 0.8765625 0.5520833333333334 0.034375 0.13194444444444445
13 0.9203125 0.5590277777777778 0.040625 0.125
8 0.9640625 0.5555555555555556 0.0328125 0.12152777777777778
21 0.74375 0.7118055555555556 0.0390625 0.13194444444444445
4 0.7890625 0.7118055555555556 0.0390625 0.1284722222222222
3 0.8828125 0.7222222222222222 0.040625 0.1388888888888889
17 0.9265625 0.7222222222222222 0.0390625 0.13541666666666666
0 0.96875 0.7222222222222222 0.0359375 0.1284722222222222
13 0.840625 0.8993055555555556 0.0421875 0.1284722222222222
13 0.9328125 0.8958333333333334 0.0390625 0.1423611111111111
0 0.975 0.8958333333333334 0.0359375 0.13541666666666666
0 0.74375 0.8958333333333334 0.034375 0.1388888888888889
5 0.0421875 0.875 0.0359375 0.13194444444444445
11 0.084375 0.8784722222222222 0.0375 0.14930555555555555
0 0.134375 0.8784722222222222 0.040625 0.13541666666666666
6 0.1828125 0.8784722222222222 0.0390625 0.14583333333333334
22 0.4171875 0.8854166666666666 0.0390625 0.1423611111111111
17 0.465625 0.8888888888888888 0.0421875 0.14930555555555555
8 0.5125 0.8888888888888888 0.0375 0.1527777777777778
19 0.5578125 0.8888888888888888 0.0421875 0.14930555555555555
19 0.60625 0.8923611111111112 0.0421875 0.14583333333333334