7 0.1078125 0.09027777777777778 0.0359375 0.12152777777777778
5 0.1890625 0.09027777777777778 0.034375 0.125
3 0.2296875 0.25 0.034375 0.12152777777777778
8 0.2734375 0.2534722222222222 0.034375 0.125
18 0.31875 0.2569444444444444 0.0328125 0.11805555555555555
10 0.3609375 0.25 0.0359375 0.125
14 0.403125 0.2569444444444444 0.0328125 0.1111111111111111
14 0.6578125 0.2638888888888889 0.0328125 0.11458333333333333
8 0.865625 0.2673611111111111 0.0328125 0.125
11 0.94375 0.2673611111111111 0.03125 0.125
11 0.825 0.4236111111111111 0.0328125 0.1111111111111111
4 0.784375 0.4236111111111111 0.0328125 0.1111111111111111
20 0.74375 0.4236111111111111 0.0328125 0.11458333333333333
0 0.659375 0.4201388888888889 0.0328125 0.1111111111111111
13 0.40625 0.4166666666666667 0.03125 0.11458333333333333
3 0.31875 0.4201388888888889 0.0359375 0.125
19 0.190625 0.4097222222222222 0.0328125 0.125
18 0.109375 0.4166666666666667 0.0328125 0.125
0 0.6578125 0.5798611111111112 0.0328125 0.12152777777777778
13 0.7 0.5763888888888888 0.0375 0.12152777777777778
13 0.740625 0.5833333333333334 0.03125 0.1111111111111111
2 0.865625 0.5868055555555556 0.03125 0.12152777777777778
3 0.74375 0.7395833333333334 0.0359375 0.12152777777777778
4 0.575 0.7361111111111112 0.0359375 0.11805555555555555
23 0.53125 0.7361111111111112 0.0359375 0.125
0 0.490625 0.7361111111111112 0.0359375 0.125
3 0.4046875 0.7326388888888888 0.034375 0.11805555555555555
0 0.3625 0.7326388888888888 0.034375 0.11458333333333333
14 0.31875 0.7326388888888888 0.034375 0.11805555555555555