8 0.115625 0.7291666666666666 0.03125 0.11458333333333333
12 0.1578125 0.7256944444444444 0.0359375 0.1111111111111111
15 0.1984375 0.7256944444444444 0.034375 0.1111111111111111
14 0.2359375 0.7256944444444444 0.03125 0.1076388888888889
17 0.2765625 0.7222222222222222 0.0359375 0.125
19 0.3171875 0.7222222222222222 0.034375 0.125
0 0.359375 0.7222222222222222 0.03125 0.1284722222222222
13 0.396875 0.71875 0.0359375 0.11458333333333333
19 0.4375 0.71875 0.0375 0.11805555555555555
18 0.596875 0.71875 0.0359375 0.11805555555555555
8 0.234375 0.8715277777777778 0.034375 0.1111111111111111
12 0.2765625 0.875 0.03125 0.11805555555555555
15 0.315625 0.8715277777777778 0.0328125 0.11458333333333333
14 0.3546875 0.8715277777777778 0.0375 0.13194444444444445
17 0.3984375 0.8715277777777778 0.034375 0.13194444444444445
19 0.4390625 0.8680555555555556 0.0359375 0.125
0 0.4796875 0.8715277777777778 0.0328125 0.1076388888888889
13 0.51875 0.875 0.0328125 0.1284722222222222
19 0.5609375 0.875 0.0328125 0.1284722222222222
13 0.846875 0.8645833333333334 0.034375 0.13194444444444445
14 0.8875 0.8645833333333334 0.034375 0.13194444444444445
19 0.240625 0.5694444444444444 0.03125 0.11805555555555555
17 0.2796875 0.5729166666666666 0.0328125 0.125
4 0.321875 0.5763888888888888 0.0328125 0.1284722222222222
1 0.35625 0.5729166666666666 0.03125 0.11805555555555555
7 0.240625 0.4270833333333333 0.0328125 0.11458333333333333
14 0.2859375 0.4305555555555556 0.034375 0.1076388888888889
3 0.321875 0.4305555555555556 0.0296875 0.11805555555555555
24 0.359375 0.4305555555555556 0.0390625 0.1284722222222222
9 0.325 0.2847222222222222 0.0328125 0.12152777777777778
0 0.365625 0.28125 0.03125 0.11458333333333333
13 0.4046875 0.2847222222222222 0.0296875 0.11458333333333333
24 0.51875 0.2847222222222222 0.0375 0.1076388888888889
1 0.634375 0.2777777777777778 0.0359375 0.11458333333333333
3 0.4390625 0.4305555555555556 0.0390625 0.12152777777777778
8 0.48125 0.4270833333333333 0.0359375 0.1111111111111111
24 0.559375 0.4201388888888889 0.0359375 0.12152777777777778
21 0.478125 0.5763888888888888 0.028125 0.125
11 0.51875 0.5729166666666666 0.0328125 0.12152777777777778
0 0.5609375 0.5729166666666666 0.03125 0.11458333333333333
3 0.596875 0.5763888888888888 0.0328125 0.11805555555555555
18 0.6765625 0.5659722222222222 0.0296875 0.12152777777777778
10 0.71875 0.5694444444444444 0.0328125 0.11458333333333333
24 0.759375 0.5659722222222222 0.034375 0.1111111111111111
8 0.840625 0.5694444444444444 0.0328125 0.11458333333333333
18 0.8828125 0.5694444444444444 0.0359375 0.12152777777777778
6 0.95625 0.5590277777777778 0.034375 0.12152777777777778