19 0.1421875 0.2048611111111111 0.0375 0.1284722222222222
17 0.18125 0.20833333333333334 0.0328125 0.125
0 0.221875 0.2048611111111111 0.0328125 0.13194444444444445
12 0.2625 0.2048611111111111 0.0375 0.11805555555555555
15 0.30625 0.21180555555555555 0.0375 0.1284722222222222
18 0.384375 0.3680555555555556 0.0375 0.13541666666666666
20 0.428125 0.3784722222222222 0.0328125 0.13541666666666666
17 0.775 0.3888888888888889 0.034375 0.1284722222222222
8 0.9046875 0.3993055555555556 0.03125 0.13541666666666666
0 0.9453125 0.4027777777777778 0.0296875 0.12152777777777778
7 0.1671875 0.5173611111111112 0.034375 0.13194444444444445
4 0.2078125 0.5208333333333334 0.034375 0.13541666666666666
0 0.296875 0.5208333333333334 0.03125 0.12152777777777778
11 0.3359375 0.5243055555555556 0.0359375 0.13194444444444445
22 0.384375 0.5243055555555556 0.0359375 0.125
18 0.471875 0.53125 0.0359375 0.12152777777777778
3 0.5140625 0.5347222222222222 0.0328125 0.125
19 0.6 0.5451388888888888 0.0375 0.13541666666666666
15 0.9109375 0.5555555555555556 0.0359375 0.125
20 0.953125 0.5555555555555556 0.0390625 0.125
5 0.1203125 0.6736111111111112 0.03125 0.11805555555555555
4 0.159375 0.6770833333333334 0.034375 0.12152777777777778
4 0.203125 0.6805555555555556 0.0328125 0.1284722222222222
11 0.2421875 0.6805555555555556 0.0359375 0.13541666666666666
18 0.1078125 0.84375 0.034375 0.1284722222222222
4 0.1484375 0.8402777777777778 0.0328125 0.12152777777777778
6 0.4234375 0.6875 0.0375 0.13194444444444445
3 0.4671875 0.6909722222222222 0.0375 0.13194444444444445
12 0.5984375 0.8680555555555556 0.034375 0.13541666666666666
8 0.7375 0.8784722222222222 0.034375 0.13194444444444445
8 0.8171875 0.3923611111111111 0.0359375 0.12152777777777778
2 0.6421875 0.08680555555555555 0.034375 0.1076388888888889
0 0.68125 0.0798611111111111 0.0328125 0.1076388888888889
15 0.7265625 0.08680555555555555 0.0390625 0.1111111111111111
19 0.76875 0.09375 0.034375 0.1111111111111111
0 0.8078125 0.09375 0.034375 0.11458333333333333
18 0.89375 0.09722222222222222 0.03125 0.10416666666666667
18 0.78125 0.7152777777777778 0.0328125 0.11458333333333333
20 0.8234375 0.71875 0.03125 0.125
19 0.875 0.8819444444444444 0.034375 0.12152777777777778