18 0.0765625 0.1909722222222222 0.0328125 0.1076388888888889
3 0.3484375 0.2152777777777778 0.03125 0.10416666666666667
8 0.49375 0.22916666666666666 0.0296875 0.10069444444444445
14 0.6015625 0.22916666666666666 0.028125 0.10069444444444445
14 0.75 0.2222222222222222 0.0296875 0.10069444444444445
17 0.1125 0.3368055555555556 0.03125 0.1076388888888889
4 0.153125 0.3368055555555556 0.028125 0.10069444444444445
19 0.309375 0.3506944444444444 0.0296875 0.10069444444444445
5 0.384375 0.3506944444444444 0.028125 0.10069444444444445
5 0.5296875 0.3611111111111111 0.028125 0.10069444444444445
8 0.5671875 0.3611111111111111 0.028125 0.09722222222222222
19 0.6015625 0.3576388888888889 0.028125 0.09375
18 0.025 0.6215277777777778 0.0328125 0.1111111111111111
18 0.3046875 0.6284722222222222 0.03125 0.1076388888888889
3 0.4921875 0.6319444444444444 0.0296875 0.10416666666666667
0 0.640625 0.6319444444444444 0.03125 0.09722222222222222
24 0.9484375 0.6319444444444444 0.0328125 0.10416666666666667
0 0.1046875 0.7708333333333334 0.0328125 0.10069444444444445
13 0.1421875 0.7708333333333334 0.0328125 0.1076388888888889
4 0.4921875 0.7708333333333334 0.028125 0.1111111111111111
4 0.71875 0.7743055555555556 0.0296875 0.1111111111111111
15 0.9125 0.7777777777777778 0.028125 0.1076388888888889
13 0.059375 0.9201388888888888 0.0328125 0.11458333333333333
14 0.415625 0.9166666666666666 0.03125 0.1076388888888889
5 0.9171875 0.9201388888888888 0.03125 0.1076388888888889
8 0.6046875 0.9201388888888888 0.03125 0.11458333333333333