19 0.0484375 0.19444444444444445 0.0328125 0.09722222222222222
18 0.15625 0.19444444444444445 0.0328125 0.10416666666666667
2 0.26875 0.1909722222222222 0.028125 0.10069444444444445
17 0.34375 0.1909722222222222 0.03125 0.10416666666666667
6 0.41875 0.19444444444444445 0.0296875 0.1076388888888889
19 0.078125 0.3333333333333333 0.0328125 0.1111111111111111
3 0.153125 0.3298611111111111 0.0296875 0.11458333333333333
1 0.228125 0.3263888888888889 0.0296875 0.09722222222222222
18 0.41875 0.3194444444444444 0.0328125 0.1076388888888889
3 0.4546875 0.3159722222222222 0.0359375 0.1111111111111111
3 0.56875 0.3159722222222222 0.03125 0.1111111111111111
18 0.6421875 0.3125 0.0296875 0.1111111111111111
14 0.7609375 0.4444444444444444 0.03125 0.1111111111111111
11 0.4171875 0.4548611111111111 0.034375 0.1076388888888889
3 0.303125 0.4583333333333333 0.034375 0.1111111111111111
17 0.184375 0.4583333333333333 0.034375 0.1111111111111111
22 0.0375 0.46875 0.0328125 0.1111111111111111
19 0.1421875 0.6076388888888888 0.0359375 0.1111111111111111
15 0.221875 0.6076388888888888 0.0375 0.1111111111111111
0 0.259375 0.6076388888888888 0.0296875 0.11805555555555555
2 0.3 0.6041666666666666 0.03125 0.1111111111111111
4 0.378125 0.6006944444444444 0.0265625 0.11805555555555555
4 0.609375 0.5902777777777778 0.0328125 0.1076388888888889
11 0.690625 0.5902777777777778 0.0328125 0.11458333333333333
17 0.909375 0.5868055555555556 0.03125 0.1111111111111111
17 0.9140625 0.7291666666666666 0.03125 0.10069444444444445
19 0.771875 0.7326388888888888 0.034375 0.1111111111111111
4 0.6921875 0.7326388888888888 0.03125 0.1111111111111111
6 0.6515625 0.7361111111111112 0.0328125 0.1111111111111111
4 0.45625 0.7361111111111112 0.03125 0.1111111111111111
22 0.41875 0.7430555555555556 0.0359375 0.11458333333333333
4 0.1796875 0.75 0.03125 0.1111111111111111
13 0.0234375 0.7569444444444444 0.0375 0.11458333333333333
10 0.0203125 0.90625 0.0375 0.125
4 0.0578125 0.9027777777777778 0.0359375 0.125
0 0.134375 0.90625 0.03125 0.11805555555555555
3 0.175 0.90625 0.03125 0.12152777777777778
17 0.215625 0.9027777777777778 0.034375 0.11805555555555555
5 0.296875 0.8993055555555556 0.0375 0.12152777777777778
19 0.3359375 0.8993055555555556 0.0328125 0.1111111111111111
3 0.5375 0.8923611111111112 0.0375 0.125
9 0.6171875 0.8854166666666666 0.034375 0.125
22 0.775 0.8819444444444444 0.0328125 0.125