7 0.1171875 0.2326388888888889 0.0359375 0.1284722222222222
0 0.1578125 0.2326388888888889 0.0359375 0.1284722222222222
21 0.2 0.2326388888888889 0.0359375 0.125
19 0.3203125 0.2361111111111111 0.034375 0.12152777777777778
7 0.44375 0.24305555555555555 0.0328125 0.1076388888888889
0 0.525 0.2465277777777778 0.034375 0.11805555555555555
13 0.565625 0.25 0.0359375 0.11805555555555555
14 0.6484375 0.2534722222222222 0.0375 0.11458333333333333
1 0.690625 0.25 0.0328125 0.11458333333333333
18 0.734375 0.25 0.0359375 0.11805555555555555
21 0.81875 0.2534722222222222 0.0359375 0.12152777777777778
13 0.9015625 0.2604166666666667 0.0359375 0.11805555555555555
18 0.1171875 0.3819444444444444 0.034375 0.11458333333333333
20 0.15625 0.3854166666666667 0.03125 0.11805555555555555
15 0.196875 0.3854166666666667 0.03125 0.11458333333333333
15 0.2375 0.3854166666666667 0.0328125 0.12152777777777778
14 0.278125 0.3888888888888889 0.034375 0.1111111111111111
18 0.31875 0.3854166666666667 0.034375 0.11458333333333333
4 0.3609375 0.3854166666666667 0.03125 0.11458333333333333
22 0.440625 0.3958333333333333 0.0328125 0.11458333333333333
4 0.4828125 0.3958333333333333 0.0328125 0.11805555555555555
2 0.5640625 0.3958333333333333 0.03125 0.11805555555555555
17 0.6484375 0.4027777777777778 0.0328125 0.12152777777777778
20 0.6875 0.4027777777777778 0.0328125 0.1284722222222222
7 0.8171875 0.4166666666666667 0.034375 0.125
11 0.984375 0.4270833333333333 0.0296875 0.11805555555555555
22 0.2765625 0.5416666666666666 0.0328125 0.125
0 0.3171875 0.5416666666666666 0.0359375 0.125
11 0.48125 0.5520833333333334 0.034375 0.11458333333333333
0 0.4390625 0.5486111111111112 0.0328125 0.1111111111111111
10 0.621875 0.5590277777777778 0.0375 0.1111111111111111
8 0.6875 0.5625 0.03125 0.1076388888888889
2 0.7734375 0.5625 0.0328125 0.11458333333333333
3 0.984375 0.5763888888888888 0.03125 0.1111111111111111
19 0.271875 0.6909722222222222 0.0328125 0.11458333333333333
0 0.2328125 0.6909722222222222 0.034375 0.11458333333333333
18 0.353125 0.6979166666666666 0.03125 0.1111111111111111
17 0.64375 0.71875 0.034375 0.11458333333333333
11 0.7296875 0.7222222222222222 0.034375 0.1111111111111111
3 0.8140625 0.7256944444444444 0.0328125 0.1111111111111111
4 0.984375 0.7395833333333334 0.03125 0.1111111111111111
14 0.1484375 0.8368055555555556 0.0296875 0.1111111111111111
14 0.26875 0.8506944444444444 0.0296875 0.11805555555555555
12 0.309375 0.8506944444444444 0.03125 0.1111111111111111
14 0.4328125 0.8611111111111112 0.0328125 0.11805555555555555
17 0.4734375 0.8611111111111112 0.03125 0.11458333333333333
12 0.7265625 0.8819444444444444 0.0328125 0.11458333333333333
19 0.8984375 0.8923611111111112 0.03125 0.1111111111111111