23 0.10625 0.13541666666666666 0.0328125 0.125
18 0.18125 0.13194444444444445 0.034375 0.1111111111111111
9 0.2984375 0.1388888888888889 0.034375 0.11458333333333333
0 0.3390625 0.13541666666666666 0.0359375 0.11458333333333333
2 0.378125 0.13541666666666666 0.0359375 0.11805555555555555
14 0.415625 0.13194444444444445 0.034375 0.1111111111111111
1 0.45625 0.13194444444444445 0.0359375 0.1111111111111111
17 0.5765625 0.13194444444444445 0.0328125 0.11458333333333333
14 0.615625 0.1284722222222222 0.0328125 0.1076388888888889
8 0.496875 0.28125 0.0296875 0.1111111111111111
13 0.3390625 0.28125 0.03125 0.1076388888888889
19 0.259375 0.28125 0.034375 0.11805555555555555
18 0.2203125 0.28125 0.034375 0.1111111111111111
13 0.18125 0.28125 0.0328125 0.1076388888888889
7 0.14375 0.28125 0.0328125 0.1111111111111111
14 0.10625 0.2847222222222222 0.0390625 0.1111111111111111
9 0.071875 0.2847222222222222 0.0296875 0.1111111111111111
11 0.0359375 0.4305555555555556 0.0328125 0.11458333333333333
8 0.06875 0.4305555555555556 0.0296875 0.1111111111111111
21 0.1046875 0.4305555555555556 0.0328125 0.1111111111111111
12 0.259375 0.4305555555555556 0.0296875 0.1076388888888889
18 0.4171875 0.4340277777777778 0.03125 0.1111111111111111
3 0.578125 0.4305555555555556 0.0328125 0.11805555555555555
0 0.7765625 0.4340277777777778 0.0296875 0.12152777777777778
0 0.259375 0.5763888888888888 0.0296875 0.1076388888888889
3 0.14375 0.5763888888888888 0.0328125 0.1076388888888889
8 0.06875 0.5763888888888888 0.03125 0.1076388888888889
2 0.2578125 0.7256944444444444 0.0296875 0.1076388888888889
7 0.378125 0.7291666666666666 0.0296875 0.1076388888888889
4 0.4171875 0.7256944444444444 0.0296875 0.1076388888888889
18 0.7375 0.7291666666666666 0.034375 0.11458333333333333
21 0.815625 0.7291666666666666 0.0328125 0.1111111111111111
8 0.8953125 0.7326388888888888 0.0296875 0.11458333333333333
2 0.93125 0.7291666666666666 0.03125 0.11805555555555555
11 0.96875 0.875 0.03125 0.1076388888888889
11 0.93125 0.875 0.0296875 0.1111111111111111
13 0.8546875 0.8784722222222222 0.034375 0.1111111111111111
14 0.815625 0.875 0.0328125 0.1076388888888889
19 0.7375 0.8784722222222222 0.034375 0.11458333333333333
22 0.6578125 0.8784722222222222 0.034375 0.1076388888888889
18 0.5765625 0.8784722222222222 0.0328125 0.10416666666666667
13 0.496875 0.875 0.0328125 0.10416666666666667
15 0.41875 0.8784722222222222 0.0328125 0.10416666666666667
13 0.2984375 0.8784722222222222 0.03125 0.10416666666666667
17 0.10625 0.8715277777777778 0.0328125 0.1111111111111111
6 0.06875 0.8680555555555556 0.03125 0.1111111111111111
19 0.0359375 0.8680555555555556 0.028125 0.1111111111111111