18 0.175 0.09027777777777778 0.028125 0.11458333333333333
15 0.215625 0.08680555555555555 0.03125 0.11458333333333333
10 0.2984375 0.08680555555555555 0.03125 0.11458333333333333
18 0.6875 0.08680555555555555 0.0328125 0.1111111111111111
23 0.05625 0.25 0.0328125 0.11805555555555555
2 0.215625 0.25 0.03125 0.1111111111111111
0 0.25625 0.25 0.0296875 0.1111111111111111
11 0.2984375 0.2465277777777778 0.03125 0.11458333333333333
11 0.340625 0.2465277777777778 0.0296875 0.1076388888888889
0 0.4703125 0.24305555555555555 0.0328125 0.1076388888888889
3 0.6015625 0.25 0.03125 0.11458333333333333
8 0.6453125 0.25 0.03125 0.1111111111111111
17 0.6875 0.25 0.03125 0.1111111111111111
19 0.73125 0.25 0.0296875 0.1076388888888889
24 0.971875 0.4270833333333333 0.028125 0.1111111111111111
0 0.934375 0.4270833333333333 0.0234375 0.1111111111111111
22 0.8984375 0.4236111111111111 0.0296875 0.1111111111111111
24 0.859375 0.4236111111111111 0.03125 0.11805555555555555
13 0.81875 0.4166666666666667 0.0328125 0.1076388888888889
0 0.7765625 0.4131944444444444 0.03125 0.11805555555555555
23 0.690625 0.4131944444444444 0.0375 0.11458333333333333
4 0.73125 0.5729166666666666 0.03125 0.1076388888888889
3 0.6875 0.5763888888888888 0.028125 0.1111111111111111
8 0.7765625 0.7465277777777778 0.0328125 0.12152777777777778
18 0.5109375 0.5763888888888888 0.0265625 0.1111111111111111
3 0.5140625 0.4097222222222222 0.0296875 0.12152777777777778
17 0.4265625 0.5729166666666666 0.0296875 0.11458333333333333
7 0.384375 0.4201388888888889 0.0296875 0.13194444444444445
8 0.5109375 0.7361111111111112 0.03125 0.1076388888888889
13 0.4671875 0.7361111111111112 0.028125 0.10416666666666667
18 0.2984375 0.4097222222222222 0.0296875 0.12152777777777778
4 0.25625 0.4131944444444444 0.0296875 0.11458333333333333
19 0.175 0.4097222222222222 0.0234375 0.1111111111111111
4 0.2125 0.7326388888888888 0.028125 0.11458333333333333
3 0.1703125 0.7291666666666666 0.025 0.1076388888888889
22 0.09375 0.4097222222222222 0.0265625 0.1111111111111111
8 0.134375 0.40625 0.0296875 0.11458333333333333
20 0.2140625 0.5729166666666666 0.03125 0.1111111111111111
4 0.090625 0.8854166666666666 0.0296875 0.11805555555555555
4 0.2953125 0.8923611111111112 0.034375 0.1111111111111111
17 0.509375 0.90625 0.0328125 0.11805555555555555
24 0.978125 0.90625 0.0296875 0.11458333333333333