15 0.33125 0.10069444444444445 0.0375 0.13194444444444445
24 0.4140625 0.09722222222222222 0.0359375 0.11458333333333333
3 0.2046875 0.25 0.040625 0.125
17 0.121875 0.25 0.0375 0.1284722222222222
0 0.45625 0.2569444444444444 0.0375 0.12152777777777778
11 0.5 0.2604166666666667 0.0359375 0.11458333333333333
1 0.5 0.09375 0.03125 0.12152777777777778
17 0.5875 0.09722222222222222 0.0375 0.12152777777777778
18 0.675 0.09722222222222222 0.0390625 0.125
19 0.54375 0.2638888888888889 0.0359375 0.11805555555555555
18 0.628125 0.2638888888888889 0.034375 0.11805555555555555
19 0.7609375 0.09722222222222222 0.0375 0.125
4 0.2859375 0.5694444444444444 0.03125 0.1111111111111111
12 0.45625 0.5763888888888888 0.034375 0.11458333333333333
4 0.4984375 0.5763888888888888 0.03125 0.11458333333333333
7 0.121875 0.71875 0.034375 0.12152777777777778
0 0.2015625 0.7222222222222222 0.0375 0.125
6 0.4546875 0.7395833333333334 0.0328125 0.1284722222222222
21 0.540625 0.7361111111111112 0.0375 0.125
14 0.66875 0.7465277777777778 0.0328125 0.12152777777777778
3 0.75625 0.75 0.034375 0.11805555555555555
18 0.8421875 0.7569444444444444 0.0375 0.125
0 0.121875 0.875 0.034375 0.125
16 0.2015625 0.8888888888888888 0.0390625 0.1284722222222222
20 0.240625 0.8854166666666666 0.0375 0.125
19 0.325 0.8958333333333334 0.0375 0.12152777777777778
0 0.496875 0.9027777777777778 0.0328125 0.11458333333333333
20 0.66875 0.9097222222222222 0.03125 0.12152777777777778
19 0.7125 0.90625 0.034375 0.11458333333333333