7 0.1125 0.059027777777777776 0.0375 0.1111111111111111
5 0.2953125 0.06597222222222222 0.034375 0.1111111111111111
5 0.6546875 0.05555555555555555 0.0328125 0.1111111111111111
12 0.9046875 0.0798611111111111 0.0296875 0.11805555555555555
0 0.1109375 0.19444444444444445 0.0359375 0.13541666666666666
19 0.525 0.20833333333333334 0.0328125 0.11805555555555555
14 0.059375 0.3576388888888889 0.0359375 0.12152777777777778
10 0.10625 0.3576388888888889 0.0359375 0.125
12 0.6109375 0.3784722222222222 0.0328125 0.11458333333333333
3 0.1484375 0.5381944444444444 0.0359375 0.1284722222222222
17 0.1953125 0.5381944444444444 0.0359375 0.12152777777777778
6 0.8734375 0.5590277777777778 0.034375 0.12152777777777778
12 0.1453125 0.7118055555555556 0.0375 0.1284722222222222
24 0.1921875 0.7118055555555556 0.0359375 0.13194444444444445
18 0.3828125 0.7152777777777778 0.0375 0.12152777777777778
8 0.4296875 0.7152777777777778 0.034375 0.12152777777777778
11 0.0953125 0.8888888888888888 0.0328125 0.1284722222222222
10 0.2859375 0.8923611111111112 0.0359375 0.1284722222222222
10 0.56875 0.8923611111111112 0.0390625 0.125
18 0.7015625 0.8958333333333334 0.03125 0.125
12 0.746875 0.8923611111111112 0.03125 0.1284722222222222
0 0.7890625 0.8923611111111112 0.0328125 0.125
11 0.8765625 0.8923611111111112 0.03125 0.11805555555555555
0 0.9578125 0.8923611111111112 0.03125 0.12152777777777778