2 0.2171875 0.14930555555555555 0.03125 0.11458333333333333
0 0.2546875 0.14930555555555555 0.03125 0.11458333333333333
15 0.2921875 0.14930555555555555 0.0328125 0.11805555555555555
19 0.33125 0.14583333333333334 0.0359375 0.11458333333333333
0 0.3671875 0.14583333333333334 0.028125 0.1111111111111111
18 0.4421875 0.14930555555555555 0.0328125 0.1076388888888889
2 0.5875 0.1527777777777778 0.034375 0.10416666666666667
17 0.659375 0.1597222222222222 0.0328125 0.1076388888888889
0 0.6984375 0.1597222222222222 0.03125 0.1111111111111111
6 0.734375 0.16319444444444445 0.0296875 0.1111111111111111
4 0.76875 0.16666666666666666 0.0296875 0.1111111111111111
18 0.8359375 0.1701388888888889 0.028125 0.09722222222222222
24 0.209375 0.5590277777777778 0.0375 0.11458333333333333
17 0.2046875 0.7083333333333334 0.0390625 0.13194444444444445
20 0.24375 0.7083333333333334 0.034375 0.12152777777777778
3 0.2859375 0.7083333333333334 0.034375 0.125
24 0.3234375 0.7083333333333334 0.034375 0.125
3 0.4015625 0.7118055555555556 0.0359375 0.125
8 0.590625 0.7118055555555556 0.03125 0.1111111111111111
15 0.6265625 0.7118055555555556 0.0296875 0.11805555555555555
11 0.6640625 0.7083333333333334 0.0328125 0.12152777777777778