13 0.0671875 0.0798611111111111 0.0375 0.125
20 0.278125 0.06597222222222222 0.0375 0.125
12 0.6265625 0.0625 0.034375 0.12152777777777778
13 0.3640625 0.22569444444444445 0.0375 0.125
0 0.671875 0.21875 0.03125 0.13541666666666666
13 0.9328125 0.22569444444444445 0.0328125 0.125
18 0.103125 0.3993055555555556 0.034375 0.125
14 0.1453125 0.3923611111111111 0.0359375 0.125
13 0.1875 0.3958333333333333 0.0375 0.125
19 0.31875 0.3923611111111111 0.0375 0.125
14 0.3625 0.3888888888888889 0.0328125 0.11805555555555555
14 0.4078125 0.3923611111111111 0.034375 0.1284722222222222
14 0.5828125 0.3854166666666667 0.0359375 0.125
7 0.628125 0.3923611111111111 0.0375 0.1388888888888889
7 0.809375 0.3819444444444444 0.0375 0.13194444444444445
23 0.0203125 0.5590277777777778 0.0375 0.11805555555555555
21 0.275 0.5555555555555556 0.03125 0.12152777777777778
18 0.1453125 0.7256944444444444 0.0390625 0.11458333333333333
18 0.31875 0.7256944444444444 0.0359375 0.125
8 0.584375 0.7222222222222222 0.034375 0.11458333333333333
11 0.6296875 0.71875 0.0328125 0.11458333333333333
4 0.6765625 0.7222222222222222 0.03125 0.11805555555555555
12 0.0625 0.8819444444444444 0.0375 0.125
13 0.14375 0.8854166666666666 0.034375 0.12152777777777778
1 0.275 0.8888888888888888 0.0328125 0.1284722222222222
14 0.31875 0.8854166666666666 0.034375 0.125
3 0.40625 0.8888888888888888 0.034375 0.1284722222222222