4 0.2375 0.09375 0.0328125 0.125
20 0.41875 0.1076388888888889 0.034375 0.12152777777777778
13 0.6796875 0.12152777777777778 0.03125 0.11458333333333333
2 0.8078125 0.13194444444444445 0.0328125 0.125
0 0.9265625 0.1423611111111111 0.0296875 0.1111111111111111
7 0.965625 0.1423611111111111 0.028125 0.1111111111111111
13 0.146875 0.2569444444444444 0.0359375 0.125
0 0.1046875 0.2569444444444444 0.034375 0.125
12 0.4171875 0.2708333333333333 0.034375 0.11805555555555555
23 0.7609375 0.2916666666666667 0.0328125 0.11805555555555555
0 0.8859375 0.2916666666666667 0.0359375 0.11458333333333333
22 0.190625 0.4270833333333333 0.034375 0.125
8 0.234375 0.4340277777777778 0.034375 0.12152777777777778
23 0.28125 0.4340277777777778 0.0359375 0.11805555555555555
19 0.4171875 0.4375 0.0328125 0.11805555555555555
19 0.8421875 0.4583333333333333 0.03125 0.1076388888888889
13 0.9609375 0.4618055555555556 0.028125 0.1076388888888889
3 0.675 0.6180555555555556 0.0328125 0.1284722222222222
14 0.759375 0.6145833333333334 0.034375 0.11805555555555555
18 0.921875 0.6145833333333334 0.0296875 0.1076388888888889
0 0.1078125 0.7534722222222222 0.034375 0.125
11 0.15 0.7534722222222222 0.0390625 0.125
6 0.2359375 0.7569444444444444 0.03125 0.11805555555555555
14 0.4140625 0.7673611111111112 0.034375 0.125
8 0.5015625 0.7673611111111112 0.0328125 0.11805555555555555
18 0.5875 0.7708333333333334 0.0328125 0.11458333333333333
15 0.840625 0.7743055555555556 0.0328125 0.11458333333333333
15 0.109375 0.9097222222222222 0.034375 0.12152777777777778
17 0.15 0.9166666666666666 0.0375 0.125
14 0.1921875 0.9201388888888888 0.0359375 0.1284722222222222
0 0.234375 0.9201388888888888 0.0328125 0.12152777777777778
13 0.45625 0.9270833333333334 0.034375 0.125
14 0.5 0.9270833333333334 0.034375 0.12152777777777778
17 0.5859375 0.9305555555555556 0.03125 0.11458333333333333
10 0.6703125 0.9305555555555556 0.03125 0.11805555555555555
13 0.9171875 0.9270833333333334 0.03125 0.11805555555555555