8 0.090625 0.2361111111111111 0.0359375 0.11805555555555555
11 0.1765625 0.24305555555555555 0.0359375 0.12152777777777778
15 0.484375 0.2465277777777778 0.034375 0.125
24 0.4 0.4027777777777778 0.0328125 0.11805555555555555
11 0.0453125 0.3993055555555556 0.0375 0.12152777777777778
2 0.0875 0.5694444444444444 0.034375 0.11805555555555555
19 0.3546875 0.5694444444444444 0.0359375 0.125
13 0.4875 0.5659722222222222 0.0375 0.1111111111111111
20 0.696875 0.5659722222222222 0.034375 0.125
19 0.6546875 0.7291666666666666 0.034375 0.12152777777777778
15 0.571875 0.7326388888888888 0.034375 0.1284722222222222
4 0.5265625 0.7291666666666666 0.0359375 0.12152777777777778
17 0.4859375 0.7256944444444444 0.0359375 0.11458333333333333
20 0.265625 0.7326388888888888 0.0359375 0.12152777777777778
10 0.1515625 0.8958333333333334 0.034375 0.12152777777777778