18 0.0734375 0.09375 0.0359375 0.11805555555555555
14 0.20625 0.09722222222222222 0.034375 0.1284722222222222
20 0.3859375 0.1076388888888889 0.0375 0.125
20 0.5609375 0.11458333333333333 0.034375 0.125
19 0.8484375 0.13194444444444445 0.03125 0.12152777777777778
2 0.20625 0.2569444444444444 0.0359375 0.125
13 0.296875 0.2638888888888889 0.0359375 0.1284722222222222
0 0.3421875 0.2673611111111111 0.0328125 0.12152777777777778
7 0.3875 0.2673611111111111 0.0359375 0.12152777777777778
0 0.43125 0.2673611111111111 0.0328125 0.11458333333333333
13 0.4734375 0.2708333333333333 0.034375 0.125
12 0.7296875 0.28125 0.0328125 0.11805555555555555
11 0.159375 0.4270833333333333 0.0375 0.12152777777777778
19 0.3421875 0.4340277777777778 0.0359375 0.12152777777777778
4 0.475 0.4305555555555556 0.034375 0.11805555555555555
7 0.6453125 0.4375 0.0328125 0.11805555555555555
4 0.6875 0.4375 0.0328125 0.11805555555555555
22 0.15625 0.6006944444444444 0.0375 0.125
3 0.25 0.6006944444444444 0.034375 0.13194444444444445
1 0.340625 0.6006944444444444 0.034375 0.12152777777777778
11 0.384375 0.6041666666666666 0.034375 0.12152777777777778
3 0.7296875 0.6041666666666666 0.03125 0.11458333333333333
11 0.0640625 0.7673611111111112 0.03125 0.12152777777777778
19 0.340625 0.7673611111111112 0.034375 0.12152777777777778
22 0.3859375 0.7673611111111112 0.034375 0.11805555555555555
18 0.475 0.7638888888888888 0.0328125 0.11805555555555555
20 0.6046875 0.7638888888888888 0.0359375 0.125
12 0.6890625 0.7673611111111112 0.0296875 0.11805555555555555
14 0.0671875 0.9340277777777778 0.034375 0.12152777777777778
15 0.1109375 0.9340277777777778 0.0328125 0.125
15 0.1578125 0.9375 0.0328125 0.125
0 0.2015625 0.9375 0.0328125 0.125
20 0.4734375 0.9340277777777778 0.03125 0.12152777777777778
10 0.5609375 0.9270833333333334 0.0328125 0.11805555555555555
7 0.6484375 0.9236111111111112 0.03125 0.12152777777777778
19 0.93125 0.9166666666666666 0.0296875 0.11805555555555555