7 0.08125 0.0798611111111111 0.03125 0.11458333333333333
4 0.2125 0.0798611111111111 0.034375 0.12152777777777778
24 0.2546875 0.0763888888888889 0.0359375 0.11805555555555555
18 0.3421875 0.0763888888888889 0.03125 0.11805555555555555
17 0.4296875 0.0763888888888889 0.0375 0.11805555555555555
2 0.5609375 0.06944444444444445 0.0359375 0.12152777777777778
0 0.86875 0.06944444444444445 0.034375 0.1284722222222222
18 0.915625 0.06944444444444445 0.034375 0.11458333333333333
10 0.9609375 0.06944444444444445 0.0359375 0.12152777777777778
18 0.040625 0.23958333333333334 0.0359375 0.12152777777777778
19 0.16875 0.23958333333333334 0.0359375 0.125
19 0.3421875 0.23958333333333334 0.0328125 0.11805555555555555
24 0.646875 0.2361111111111111 0.034375 0.12152777777777778
11 0.7828125 0.22916666666666666 0.0359375 0.12152777777777778
3 0.8703125 0.22916666666666666 0.034375 0.125
18 0.959375 0.22916666666666666 0.0359375 0.12152777777777778
7 0.0828125 0.40625 0.0359375 0.125
0 0.1671875 0.3993055555555556 0.034375 0.11458333333333333
4 0.384375 0.4027777777777778 0.03125 0.11805555555555555
24 0.471875 0.3993055555555556 0.034375 0.11458333333333333
19 0.559375 0.3993055555555556 0.034375 0.11458333333333333
13 0.559375 0.5625 0.034375 0.1111111111111111
8 0.603125 0.5625 0.03125 0.11458333333333333
13 0.78125 0.5590277777777778 0.0359375 0.11458333333333333
2 0.646875 0.5625 0.034375 0.11458333333333333
24 0.959375 0.5659722222222222 0.0359375 0.12152777777777778
20 0.2125 0.7291666666666666 0.0375 0.125
0 0.125 0.7326388888888888 0.034375 0.11805555555555555
4 0.25625 0.7291666666666666 0.0359375 0.12152777777777778
11 0.3 0.7291666666666666 0.0375 0.125
18 0.3875 0.7326388888888888 0.0359375 0.12152777777777778
2 0.471875 0.7291666666666666 0.0390625 0.1284722222222222
19 0.559375 0.7291666666666666 0.0359375 0.1111111111111111
17 0.603125 0.7291666666666666 0.0359375 0.11805555555555555
24 0.646875 0.7326388888888888 0.0390625 0.12152777777777778
9 0.8265625 0.7361111111111112 0.0375 0.125
0 0.86875 0.7361111111111112 0.0359375 0.125