19 0.2015625 0.052083333333333336 0.0328125 0.10416666666666667
14 0.28125 0.059027777777777776 0.03125 0.1076388888888889
5 0.4359375 0.0763888888888889 0.028125 0.09722222222222222
0 0.61875 0.10416666666666667 0.03125 0.10416666666666667
23 0.0765625 0.18055555555555555 0.034375 0.1111111111111111
18 0.2015625 0.19444444444444445 0.0328125 0.10416666666666667
12 0.3203125 0.2048611111111111 0.034375 0.10416666666666667
7 0.5078125 0.22916666666666666 0.028125 0.10416666666666667
14 0.075 0.3298611111111111 0.0328125 0.1111111111111111
8 0.3203125 0.3506944444444444 0.0296875 0.10069444444444445
7 0.1578125 0.4826388888888889 0.0296875 0.09722222222222222
8 0.240625 0.4826388888888889 0.0296875 0.09375
24 0.5765625 0.5034722222222222 0.0265625 0.09722222222222222
19 0.7171875 0.5104166666666666 0.028125 0.09722222222222222
0 0.0328125 0.625 0.0296875 0.1076388888888889
2 0.075 0.625 0.03125 0.1076388888888889
11 0.1171875 0.625 0.034375 0.1111111111111111
4 0.1578125 0.6284722222222222 0.0296875 0.1076388888888889
22 0.35625 0.6319444444444444 0.03125 0.10069444444444445
0 0.3921875 0.6319444444444444 0.0296875 0.10069444444444445
11 0.4328125 0.6319444444444444 0.0328125 0.10416666666666667
11 0.4703125 0.6354166666666666 0.0328125 0.10416666666666667
4 0.5390625 0.6388888888888888 0.0296875 0.10416666666666667
24 0.5734375 0.6388888888888888 0.028125 0.09722222222222222
24 0.7515625 0.6458333333333334 0.028125 0.10069444444444445
14 0.196875 0.9201388888888888 0.028125 0.1111111111111111
4 0.353125 0.9166666666666666 0.0265625 0.11458333333333333
0 0.5390625 0.9097222222222222 0.0296875 0.10416666666666667
11 0.571875 0.9097222222222222 0.028125 0.10416666666666667
19 0.609375 0.9131944444444444 0.028125 0.10416666666666667