21 0.0515625 0.09375 0.0375 0.11805555555555555
10 0.16875 0.08680555555555555 0.0390625 0.11458333333333333
4 0.2140625 0.08333333333333333 0.0390625 0.12152777777777778
4 0.253125 0.08680555555555555 0.0328125 0.125
15 0.296875 0.08333333333333333 0.0390625 0.11805555555555555
18 0.4640625 0.08333333333333333 0.0375 0.13194444444444445
18 0.5484375 0.07291666666666667 0.034375 0.1284722222222222
4 0.5921875 0.07291666666666667 0.040625 0.13194444444444445
15 0.634375 0.06944444444444445 0.0359375 0.1284722222222222
17 0.71875 0.07291666666666667 0.040625 0.1388888888888889
0 0.7640625 0.06944444444444445 0.0390625 0.1284722222222222
19 0.8046875 0.0763888888888889 0.0359375 0.13541666666666666
4 0.8453125 0.07291666666666667 0.034375 0.13194444444444445
2 0.1234375 0.22916666666666666 0.03125 0.12152777777777778
14 0.1609375 0.22916666666666666 0.034375 0.12152777777777778
17 0.2046875 0.2326388888888889 0.0359375 0.12152777777777778
10 0.2453125 0.22916666666666666 0.0296875 0.13541666666666666
0 0.334375 0.22569444444444445 0.0328125 0.12152777777777778
13 0.378125 0.22569444444444445 0.0375 0.12152777777777778
10 0.546875 0.21875 0.03125 0.1284722222222222
17 0.634375 0.21875 0.0375 0.1284722222222222
24 0.678125 0.2152777777777778 0.0390625 0.1284722222222222
12 0.7671875 0.2152777777777778 0.034375 0.11458333333333333
22 0.075 0.3854166666666667 0.0375 0.12152777777777778
0 0.1140625 0.3819444444444444 0.0328125 0.11458333333333333
13 0.153125 0.3888888888888889 0.0375 0.11805555555555555
19 0.2 0.3854166666666667 0.0375 0.1284722222222222
6 0.375 0.3819444444444444 0.0375 0.125
1 0.4609375 0.3784722222222222 0.0359375 0.11805555555555555
0 0.503125 0.375 0.0375 0.1284722222222222
2 0.5484375 0.375 0.0375 0.13194444444444445
10 0.59375 0.3784722222222222 0.0359375 0.1284722222222222
1 0.7265625 0.3715277777777778 0.0390625 0.13194444444444445
24 0.8609375 0.375 0.0421875 0.13541666666666666
0 0.0640625 0.5451388888888888 0.0328125 0.13194444444444445
13 0.10625 0.5520833333333334 0.0390625 0.13541666666666666
24 0.2796875 0.5486111111111112 0.040625 0.1423611111111111
17 0.371875 0.5416666666666666 0.0390625 0.13541666666666666
0 0.4140625 0.5451388888888888 0.0359375 0.1284722222222222
13 0.4609375 0.5347222222222222 0.0359375 0.125
11 0.6828125 0.5347222222222222 0.0390625 0.13194444444444445
3 0.7328125 0.5347222222222222 0.0375 0.1423611111111111
0 0.096875 0.7118055555555556 0.0328125 0.13194444444444445
13 0.140625 0.7152777777777778 0.0390625 0.1388888888888889
24 0.321875 0.7118055555555556 0.0375 0.1388888888888889
7 0.4609375 0.7083333333333334 0.040625 0.14583333333333334
0 0.553125 0.7048611111111112 0.040625 0.1423611111111111
13 0.5984375 0.7048611111111112 0.0390625 0.1388888888888889
3 0.178125 0.8854166666666666 0.0390625 0.14583333333333334
5 0.365625 0.8819444444444444 0.040625 0.1388888888888889
17 0.4125 0.8888888888888888 0.0359375 0.15625
3 0.50625 0.8854166666666666 0.0421875 0.1423611111111111
18 0.553125 0.8819444444444444 0.0421875 0.14583333333333334
14 0.646875 0.8819444444444444 0.0375 0.1597222222222222
12 0.69375 0.8819444444444444 0.040625 0.14930555555555555
11 0.928125 0.8784722222222222 0.0359375 0.14930555555555555