11 0.109375 0.11458333333333333 0.0328125 0.11805555555555555
14 0.14375 0.11805555555555555 0.034375 0.1076388888888889
21 0.1828125 0.1076388888888889 0.0296875 0.10416666666666667
4 0.221875 0.10416666666666667 0.034375 0.1111111111111111
6 0.4265625 0.08680555555555555 0.0296875 0.1076388888888889
4 0.5078125 0.08333333333333333 0.0328125 0.11458333333333333
21 0.55 0.08680555555555555 0.0328125 0.11805555555555555
0 0.590625 0.08333333333333333 0.0296875 0.11458333333333333
13 0.1421875 0.2604166666666667 0.0296875 0.11458333333333333
20 0.18125 0.2569444444444444 0.0296875 0.11458333333333333
4 0.2609375 0.25 0.03125 0.11458333333333333
19 0.303125 0.2465277777777778 0.034375 0.12152777777777778
14 0.384375 0.24305555555555555 0.0359375 0.11805555555555555
13 0.428125 0.23958333333333334 0.0359375 0.11805555555555555
12 0.5515625 0.23958333333333334 0.03125 0.12152777777777778
14 0.59375 0.2361111111111111 0.0328125 0.11805555555555555
13 0.6375 0.2326388888888889 0.034375 0.12152777777777778
21 0.103125 0.4201388888888889 0.028125 0.125
14 0.140625 0.4166666666666667 0.03125 0.1111111111111111
11 0.1796875 0.4131944444444444 0.034375 0.11805555555555555
11 0.2203125 0.4097222222222222 0.0359375 0.11805555555555555
4 0.2609375 0.4027777777777778 0.034375 0.11805555555555555
24 0.303125 0.40625 0.034375 0.12152777777777778
1 0.34375 0.4027777777777778 0.0328125 0.125
0 0.3859375 0.3958333333333333 0.0328125 0.125
11 0.4296875 0.4027777777777778 0.03125 0.12152777777777778
11 0.46875 0.4027777777777778 0.034375 0.125
13 0.1390625 0.5729166666666666 0.0296875 0.1076388888888889
21 0.178125 0.5729166666666666 0.0296875 0.125
4 0.259375 0.5590277777777778 0.03125 0.11458333333333333
19 0.3015625 0.5625 0.0328125 0.12152777777777778
0 0.3875 0.5590277777777778 0.03125 0.11805555555555555
10 0.5125 0.5555555555555556 0.034375 0.11805555555555555
23 0.1 0.7291666666666666 0.0296875 0.11458333333333333
18 0.178125 0.7222222222222222 0.0375 0.1284722222222222
19 0.3 0.7222222222222222 0.0328125 0.12152777777777778
15 0.4703125 0.7118055555555556 0.0328125 0.1284722222222222
21 0.134375 0.8819444444444444 0.0296875 0.13194444444444445
11 0.1734375 0.8819444444444444 0.034375 0.125
0 0.2171875 0.8819444444444444 0.034375 0.1284722222222222
3 0.25625 0.8854166666666666 0.0328125 0.12152777777777778
18 0.340625 0.8819444444444444 0.034375 0.125
10 0.3828125 0.8854166666666666 0.0375 0.13541666666666666
24 0.4265625 0.8854166666666666 0.0375 0.13541666666666666
0 0.603125 0.8784722222222222 0.034375 0.125
17 0.5125 0.7152777777777778 0.03125 0.11458333333333333
8 0.55625 0.7118055555555556 0.0359375 0.1284722222222222
21 0.6015625 0.7152777777777778 0.040625 0.13541666666666666
0 0.64375 0.7152777777777778 0.0359375 0.1284722222222222
19 0.6859375 0.7152777777777778 0.0375 0.13194444444444445
4 0.7328125 0.7152777777777778 0.0375 0.13541666666666666
3 0.8203125 0.7152777777777778 0.0390625 0.14930555555555555
4 0.8640625 0.7152777777777778 0.0375 0.14930555555555555
19 0.9078125 0.7083333333333334 0.0359375 0.14583333333333334
8 0.9515625 0.7118055555555556 0.0328125 0.1527777777777778
11 0.6890625 0.8819444444444444 0.0328125 0.13541666666666666
8 0.734375 0.8784722222222222 0.0375 0.13541666666666666
2 0.7796875 0.8819444444444444 0.0359375 0.1284722222222222
18 0.865625 0.8784722222222222 0.0375 0.125
4 0.9109375 0.875 0.0359375 0.13541666666666666
23 0.6859375 0.5520833333333334 0.0390625 0.13541666666666666
18 0.775 0.5555555555555556 0.0359375 0.1388888888888889
4 0.81875 0.5486111111111112 0.0390625 0.13541666666666666
4 0.8609375 0.5486111111111112 0.0359375 0.13541666666666666
12 0.9046875 0.5451388888888888 0.034375 0.125
18 0.946875 0.5416666666666666 0.0328125 0.11805555555555555
2 0.9 0.3819444444444444 0.0390625 0.13541666666666666
0 0.9421875 0.3819444444444444 0.0359375 0.13541666666666666
3 0.7234375 0.22916666666666666 0.0375 0.125
1 0.7609375 0.0763888888888889 0.0328125 0.11805555555555555
17 0.8890625 0.06597222222222222 0.0375 0.11805555555555555
4 0.9296875 0.06944444444444445 0.0328125 0.11458333333333333
1 0.96875 0.06597222222222222 0.0328125 0.1076388888888889