8 0.096875 0.1701388888888889 0.0328125 0.125
4 0.2921875 0.18055555555555555 0.0296875 0.12152777777777778
15 0.36875 0.18055555555555555 0.0328125 0.11805555555555555
11 0.4484375 0.1840277777777778 0.034375 0.10416666666666667
8 0.4828125 0.1840277777777778 0.028125 0.10069444444444445
23 0.846875 0.2048611111111111 0.028125 0.09722222222222222
18 0.953125 0.2152777777777778 0.025 0.09722222222222222
21 0.2125 0.3090277777777778 0.03125 0.11458333333333333
8 0.134375 0.3090277777777778 0.03125 0.1076388888888889
0 0.3296875 0.3263888888888889 0.0296875 0.11805555555555555
18 0.36875 0.3229166666666667 0.03125 0.1076388888888889
14 0.846875 0.34375 0.0296875 0.10069444444444445
0 0.0921875 0.4513888888888889 0.0296875 0.11458333333333333
17 0.171875 0.4548611111111111 0.03125 0.1111111111111111
8 0.2125 0.4618055555555556 0.028125 0.1111111111111111
11 0.33125 0.4618055555555556 0.0328125 0.10416666666666667
17 0.44375 0.4652777777777778 0.0296875 0.10416666666666667
11 0.5203125 0.46875 0.03125 0.09722222222222222
8 0.9875 0.4861111111111111 0.0234375 0.09027777777777778
7 0.090625 0.5972222222222222 0.0296875 0.11458333333333333
3 0.1703125 0.6006944444444444 0.03125 0.11805555555555555
18 0.365625 0.6006944444444444 0.03125 0.10069444444444445
4 0.4046875 0.6006944444444444 0.0296875 0.10069444444444445
0 0.4421875 0.6006944444444444 0.028125 0.09722222222222222
6 0.515625 0.6076388888888888 0.028125 0.10416666666666667
17 0.553125 0.6076388888888888 0.0296875 0.09722222222222222
4 0.5890625 0.6076388888888888 0.028125 0.10416666666666667
1 0.7 0.6180555555555556 0.03125 0.11458333333333333
13 0.7734375 0.6111111111111112 0.0296875 0.10069444444444445
0 0.809375 0.6145833333333334 0.028125 0.09722222222222222
11 0.8828125 0.6145833333333334 0.03125 0.10069444444444445
2 0.8453125 0.6180555555555556 0.028125 0.10069444444444445
4 0.915625 0.6180555555555556 0.0265625 0.10416666666666667
15 0.090625 0.7430555555555556 0.0328125 0.1076388888888889
0 0.25 0.7465277777777778 0.0328125 0.1076388888888889
18 0.3265625 0.7430555555555556 0.0328125 0.10416666666666667
2 0.553125 0.7465277777777778 0.028125 0.10069444444444445
11 0.7734375 0.75 0.0328125 0.10416666666666667
13 0.246875 0.8923611111111112 0.0296875 0.10416666666666667
0 0.2859375 0.8923611111111112 0.03125 0.1076388888888889
24 0.4015625 0.8888888888888888 0.0296875 0.1076388888888889
0 0.6265625 0.8888888888888888 0.0328125 0.1076388888888889
12 0.5875 0.8854166666666666 0.028125 0.09375
14 0.95 0.8958333333333334 0.028125 0.09722222222222222