3 0.1578125 0.05555555555555555 0.028125 0.1076388888888889
10 0.2671875 0.04861111111111111 0.0328125 0.09722222222222222
15 0.1921875 0.05555555555555555 0.0328125 0.1076388888888889
19 0.3828125 0.04861111111111111 0.0328125 0.09722222222222222
17 0.421875 0.04861111111111111 0.0328125 0.09722222222222222
20 0.4625 0.052083333333333336 0.034375 0.10069444444444445
12 0.5015625 0.04861111111111111 0.0328125 0.09722222222222222
4 0.58125 0.04861111111111111 0.0359375 0.09722222222222222
19 0.621875 0.04861111111111111 0.0375 0.09722222222222222
15 0.5421875 0.04861111111111111 0.0375 0.09375
4 0.8640625 0.05555555555555555 0.0328125 0.1111111111111111
4 0.1921875 0.1909722222222222 0.0296875 0.10416666666666667
15 0.26875 0.19444444444444445 0.034375 0.10416666666666667
11 0.384375 0.19444444444444445 0.0359375 0.1111111111111111
19 0.7828125 0.2048611111111111 0.03125 0.10416666666666667
11 0.978125 0.20833333333333334 0.025 0.1111111111111111
17 0.346875 0.34375 0.0359375 0.11458333333333333
20 0.7015625 0.3541666666666667 0.03125 0.12152777777777778
11 0.9 0.3576388888888889 0.0265625 0.11805555555555555
15 0.1578125 0.4826388888888889 0.028125 0.1111111111111111
8 0.1921875 0.4861111111111111 0.03125 0.1111111111111111
4 0.2296875 0.4861111111111111 0.034375 0.11458333333333333
2 0.2671875 0.4861111111111111 0.03125 0.1111111111111111
4 0.3046875 0.4861111111111111 0.0328125 0.1076388888888889
12 0.540625 0.4965277777777778 0.0359375 0.10416666666666667
3 0.61875 0.4965277777777778 0.0359375 0.1111111111111111
12 0.9390625 0.5034722222222222 0.034375 0.1111111111111111
4 0.9765625 0.5069444444444444 0.03125 0.1076388888888889
3 0.1578125 0.6284722222222222 0.0265625 0.1076388888888889
14 0.1921875 0.625 0.03125 0.1076388888888889
4 0.421875 0.6319444444444444 0.0296875 0.09722222222222222
0 0.8171875 0.6423611111111112 0.0296875 0.09722222222222222
19 0.3046875 0.6388888888888888 0.03125 0.10416666666666667
3 0.384375 0.6319444444444444 0.03125 0.09722222222222222
19 0.1578125 0.7673611111111112 0.028125 0.10416666666666667
0 0.228125 0.7638888888888888 0.025 0.08680555555555555
12 0.265625 0.7777777777777778 0.0296875 0.10069444444444445
18 0.3421875 0.7847222222222222 0.03125 0.10416666666666667
7 0.5 0.7847222222222222 0.028125 0.09722222222222222
14 0.85625 0.8020833333333334 0.03125 0.10069444444444445
1 0.1578125 0.9097222222222222 0.028125 0.10416666666666667
11 0.1921875 0.9166666666666666 0.0328125 0.10416666666666667
0 0.2265625 0.9097222222222222 0.028125 0.09027777777777778
12 0.265625 0.9201388888888888 0.034375 0.10416666666666667
4 0.3046875 0.9201388888888888 0.03125 0.10416666666666667
18 0.41875 0.9340277777777778 0.034375 0.1076388888888889
8 0.459375 0.9340277777777778 0.034375 0.10416666666666667
3 0.4984375 0.9305555555555556 0.03125 0.09722222222222222
13 0.6171875 0.9409722222222222 0.0328125 0.10069444444444445
13 0.9296875 0.9444444444444444 0.0328125 0.10069444444444445
4 0.9671875 0.9409722222222222 0.03125 0.09722222222222222