18 0.490625 0.08680555555555555 0.0359375 0.11805555555555555
4 0.61875 0.0798611111111111 0.0328125 0.11805555555555555
12 0.7484375 0.08333333333333333 0.0328125 0.1111111111111111
18 0.446875 0.24305555555555555 0.0328125 0.11458333333333333
13 0.6625 0.24305555555555555 0.034375 0.11805555555555555
11 0.8765625 0.4166666666666667 0.0296875 0.12152777777777778
11 0.834375 0.4166666666666667 0.0328125 0.1284722222222222
0 0.0875 0.3993055555555556 0.03125 0.11458333333333333
18 0.0484375 0.7013888888888888 0.03125 0.1111111111111111
21 0.1203125 0.7048611111111112 0.03125 0.11805555555555555
8 0.1984375 0.7083333333333334 0.034375 0.11458333333333333
2 0.2359375 0.7083333333333334 0.028125 0.1076388888888889
0 0.5265625 0.7291666666666666 0.03125 0.12152777777777778
13 0.6609375 0.7326388888888888 0.034375 0.12152777777777778
18 0.75 0.7395833333333334 0.0359375 0.12152777777777778
8 0.9171875 0.9097222222222222 0.034375 0.13194444444444445
11 0.2734375 0.875 0.0296875 0.12152777777777778
0 0.2359375 0.8715277777777778 0.034375 0.1284722222222222
13 0.1578125 0.8645833333333334 0.0359375 0.11458333333333333
14 0.11875 0.8576388888888888 0.0328125 0.11805555555555555
19 0.046875 0.8506944444444444 0.0328125 0.1111111111111111