21 0.115625 0.14930555555555555 0.034375 0.12152777777777778
4 0.075 0.14583333333333334 0.034375 0.125
8 0.25 0.14583333333333334 0.0359375 0.12152777777777778
5 0.2953125 0.14930555555555555 0.0359375 0.125
4 0.7859375 0.16666666666666666 0.034375 0.11805555555555555
3 0.925 0.1701388888888889 0.034375 0.125
4 0.471875 0.3298611111111111 0.0328125 0.11805555555555555
7 0.690625 0.3333333333333333 0.034375 0.12152777777777778
4 0.828125 0.34375 0.0359375 0.1284722222222222
15 0.8734375 0.3472222222222222 0.0390625 0.125
19 0.9203125 0.3506944444444444 0.0359375 0.12152777777777778
9 0.11875 0.4826388888888889 0.0328125 0.125
2 0.20625 0.4826388888888889 0.0328125 0.125
14 0.428125 0.4930555555555556 0.03125 0.11805555555555555
3 0.471875 0.4930555555555556 0.03125 0.11458333333333333
23 0.5578125 0.4965277777777778 0.03125 0.11805555555555555
18 0.734375 0.5034722222222222 0.0359375 0.11458333333333333
8 0.778125 0.5069444444444444 0.0328125 0.1076388888888889
8 0.9171875 0.5138888888888888 0.034375 0.12152777777777778
18 0.078125 0.6423611111111112 0.0328125 0.11805555555555555
10 0.1203125 0.6423611111111112 0.0375 0.11805555555555555
8 0.1625 0.6458333333333334 0.0328125 0.1284722222222222
15 0.2078125 0.6493055555555556 0.034375 0.125
15 0.25 0.6493055555555556 0.034375 0.12152777777777778
11 0.3171875 0.6493055555555556 0.0359375 0.1111111111111111
10 0.4703125 0.6527777777777778 0.028125 0.1111111111111111
4 0.5125 0.6527777777777778 0.0328125 0.12152777777777778
18 0.55625 0.6527777777777778 0.0328125 0.11458333333333333
7 0.865625 0.6770833333333334 0.0359375 0.125
18 0.078125 0.8055555555555556 0.0328125 0.11458333333333333
15 0.1203125 0.8055555555555556 0.0328125 0.1111111111111111
14 0.1625 0.8090277777777778 0.0328125 0.11805555555555555
10 0.2078125 0.8055555555555556 0.0359375 0.12152777777777778
4 0.2515625 0.8090277777777778 0.0328125 0.125
0 0.340625 0.8090277777777778 0.0390625 0.12152777777777778
2 0.3828125 0.8125 0.0359375 0.12152777777777778
17 0.4265625 0.8159722222222222 0.034375 0.125
19 0.596875 0.8159722222222222 0.034375 0.11805555555555555
0 0.640625 0.8159722222222222 0.034375 0.11805555555555555
0 0.771875 0.8333333333333334 0.0375 0.1284722222222222
5 0.8171875 0.8368055555555556 0.0359375 0.13194444444444445
18 0.90625 0.8472222222222222 0.040625 0.125
20 0.95 0.8506944444444444 0.0359375 0.125