0 0.0328125 0.1076388888888889 0.034375 0.11458333333333333
13 0.0703125 0.1076388888888889 0.0328125 0.11805555555555555
14 0.1109375 0.1076388888888889 0.034375 0.125
17 0.196875 0.1111111111111111 0.034375 0.11805555555555555
15 0.28125 0.1111111111111111 0.034375 0.11805555555555555
10 0.40625 0.11805555555555555 0.03125 0.11805555555555555
19 0.4921875 0.125 0.034375 0.11805555555555555
5 0.6109375 0.1284722222222222 0.0359375 0.11458333333333333
19 0.7734375 0.13541666666666666 0.03125 0.11458333333333333
7 0.028125 0.2708333333333333 0.0359375 0.125
0 0.0703125 0.2708333333333333 0.034375 0.125
0 0.36875 0.2777777777777778 0.040625 0.1284722222222222
12 0.5734375 0.28125 0.03125 0.11458333333333333
0 0.6953125 0.2916666666666667 0.0359375 0.12152777777777778
7 0.028125 0.4340277777777778 0.034375 0.1284722222222222
7 0.1546875 0.4236111111111111 0.0328125 0.12152777777777778
17 0.2796875 0.4305555555555556 0.0328125 0.11805555555555555
4 0.3234375 0.4305555555555556 0.034375 0.125
2 0.3671875 0.4305555555555556 0.03125 0.11458333333333333
10 0.40625 0.4305555555555556 0.034375 0.11805555555555555
2 0.1109375 0.5868055555555556 0.0328125 0.1284722222222222
7 0.28125 0.59375 0.034375 0.13194444444444445
0 0.31875 0.59375 0.0296875 0.13194444444444445
2 0.490625 0.5902777777777778 0.0328125 0.125
7 0.8890625 0.5972222222222222 0.03125 0.125
12 0.0265625 0.7395833333333334 0.034375 0.13194444444444445
0 0.06875 0.7361111111111112 0.034375 0.1284722222222222
13 0.1109375 0.7395833333333334 0.0359375 0.1284722222222222
0 0.1515625 0.7395833333333334 0.0359375 0.1284722222222222
6 0.1953125 0.7395833333333334 0.0359375 0.13194444444444445
4 0.2375 0.7430555555555556 0.034375 0.125
19 0.3234375 0.7430555555555556 0.0328125 0.125
0 0.6921875 0.7430555555555556 0.034375 0.11805555555555555
13 0.73125 0.7430555555555556 0.03125 0.11805555555555555
0 0.9625 0.7395833333333334 0.034375 0.125
0 0.06875 0.8923611111111112 0.0328125 0.11458333333333333
21 0.1125 0.8958333333333334 0.0375 0.125
2 0.1953125 0.8958333333333334 0.034375 0.11805555555555555
14 0.2375 0.8958333333333334 0.034375 0.11805555555555555
14 0.278125 0.8958333333333334 0.0328125 0.12152777777777778
18 0.3625 0.8958333333333334 0.03125 0.11458333333333333
4 0.4046875 0.8958333333333334 0.0296875 0.1111111111111111
24 0.5296875 0.8958333333333334 0.03125 0.11458333333333333
13 0.6921875 0.8958333333333334 0.0328125 0.1111111111111111