11 0.0640625 0.09375 0.0375 0.11458333333333333
0 0.103125 0.09375 0.0328125 0.12152777777777778
13 0.14375 0.09375 0.034375 0.11458333333333333
0 0.271875 0.09722222222222222 0.0328125 0.11458333333333333
6 0.315625 0.10416666666666667 0.0328125 0.11805555555555555
4 0.3578125 0.10069444444444445 0.0359375 0.11458333333333333
11 0.909375 0.12152777777777778 0.0359375 0.1111111111111111
1 0.225 0.2534722222222222 0.0328125 0.11458333333333333
14 0.35625 0.2604166666666667 0.0328125 0.11458333333333333
14 0.3984375 0.2638888888888889 0.0328125 0.11805555555555555
12 0.44375 0.2673611111111111 0.0328125 0.1111111111111111
19 0.6984375 0.2708333333333333 0.034375 0.1111111111111111
6 0.8671875 0.2743055555555556 0.03125 0.1111111111111111
7 0.1375 0.4166666666666667 0.0328125 0.12152777777777778
5 0.225 0.4166666666666667 0.034375 0.11458333333333333
5 0.440625 0.4236111111111111 0.0328125 0.1111111111111111
24 0.56875 0.4270833333333333 0.034375 0.11458333333333333
20 0.825 0.4375 0.03125 0.11458333333333333
14 0.8671875 0.4375 0.0328125 0.1111111111111111
0 0.3984375 0.4236111111111111 0.03125 0.11458333333333333
18 0.396875 0.5833333333333334 0.034375 0.11458333333333333
17 0.48125 0.5833333333333334 0.0328125 0.11458333333333333
14 0.525 0.5868055555555556 0.0328125 0.11458333333333333
2 0.5671875 0.5868055555555556 0.03125 0.1111111111111111
10 0.6109375 0.5868055555555556 0.0328125 0.11458333333333333
24 0.653125 0.5902777777777778 0.034375 0.11458333333333333
1 0.7375 0.59375 0.034375 0.11458333333333333
19 0.86875 0.5972222222222222 0.0359375 0.11458333333333333
12 0.9515625 0.5972222222222222 0.0328125 0.1111111111111111
17 0.3078125 0.7465277777777778 0.034375 0.12152777777777778
19 0.48125 0.7465277777777778 0.0328125 0.11458333333333333
0 0.5234375 0.7430555555555556 0.03125 0.11458333333333333
11 0.6546875 0.75 0.034375 0.1111111111111111
4 0.696875 0.75 0.034375 0.11458333333333333
20 0.21875 0.90625 0.0359375 0.12152777777777778
14 0.2625 0.90625 0.0359375 0.11805555555555555
0 0.56875 0.9097222222222222 0.034375 0.1076388888888889
3 0.8703125 0.9166666666666666 0.03125 0.1111111111111111
17 0.95 0.9201388888888888 0.034375 0.11805555555555555