14 0.115625 0.0763888888888889 0.028125 0.10069444444444445
13 0.1546875 0.0763888888888889 0.0265625 0.09375
6 0.228125 0.0798611111111111 0.03125 0.10069444444444445
17 0.2625 0.0798611111111111 0.028125 0.10416666666666667
8 0.3 0.08333333333333333 0.0265625 0.10416666666666667
11 0.3359375 0.08333333333333333 0.03125 0.10416666666666667
11 0.3734375 0.08333333333333333 0.0296875 0.09722222222222222
4 0.515625 0.0798611111111111 0.03125 0.10416666666666667
4 0.55 0.0798611111111111 0.0296875 0.10416666666666667
18 0.584375 0.08680555555555555 0.0296875 0.10069444444444445
4 0.621875 0.08680555555555555 0.0296875 0.10069444444444445
18 0.6953125 0.08333333333333333 0.0296875 0.10416666666666667
22 0.7671875 0.0763888888888889 0.0328125 0.10416666666666667
8 0.803125 0.0798611111111111 0.028125 0.10416666666666667
4 0.875 0.0798611111111111 0.0328125 0.10416666666666667
18 0.9109375 0.0763888888888889 0.0296875 0.10069444444444445
11 0.115625 0.20833333333333334 0.0328125 0.10069444444444445
4 0.153125 0.21180555555555555 0.0296875 0.10416666666666667
4 0.4796875 0.2152777777777778 0.028125 0.09375
4 0.5140625 0.2152777777777778 0.0265625 0.09027777777777778
4 0.5859375 0.21180555555555555 0.0296875 0.09722222222222222
0 0.69375 0.2152777777777778 0.0265625 0.09375
18 0.803125 0.20833333333333334 0.028125 0.09722222222222222
14 0.8765625 0.20833333333333334 0.0296875 0.10069444444444445
18 0.1140625 0.3472222222222222 0.028125 0.09722222222222222
22 0.1890625 0.3472222222222222 0.03125 0.09375
8 0.2265625 0.34375 0.0296875 0.10416666666666667
4 0.2984375 0.3506944444444444 0.0296875 0.1076388888888889
18 0.3359375 0.3472222222222222 0.0296875 0.10069444444444445
4 0.371875 0.4791666666666667 0.0296875 0.09722222222222222
18 0.5140625 0.4826388888888889 0.0296875 0.10416666666666667
14 0.659375 0.4791666666666667 0.0265625 0.09375
22 0.7703125 0.4791666666666667 0.028125 0.09722222222222222
14 0.80625 0.4791666666666667 0.028125 0.09375
13 0.8421875 0.4756944444444444 0.028125 0.09027777777777778
19 0.9171875 0.4791666666666667 0.0296875 0.1111111111111111
11 0.9875 0.4791666666666667 0.0234375 0.10416666666666667
4 0.14375 0.7534722222222222 0.0296875 0.10069444444444445
4 0.1828125 0.7569444444444444 0.028125 0.10069444444444445
18 0.2203125 0.7534722222222222 0.0265625 0.10416666666666667
4 0.25625 0.7534722222222222 0.0296875 0.10069444444444445
1 0.33125 0.7465277777777778 0.0296875 0.10069444444444445
0 0.36875 0.7534722222222222 0.0296875 0.10069444444444445
11 0.403125 0.75 0.028125 0.09722222222222222
11 0.440625 0.75 0.03125 0.09722222222222222
18 0.4765625 0.7534722222222222 0.03125 0.09375
14 0.5484375 0.7534722222222222 0.03125 0.10416666666666667
13 0.584375 0.75 0.0296875 0.10069444444444445
3 0.14375 0.8958333333333334 0.0296875 0.10416666666666667
8 0.1828125 0.8923611111111112 0.0265625 0.09722222222222222
17 0.2203125 0.8923611111111112 0.0296875 0.09722222222222222
19 0.25625 0.8923611111111112 0.028125 0.10416666666666667
24 0.29375 0.8923611111111112 0.0296875 0.09722222222222222
5 0.3671875 0.8923611111111112 0.0265625 0.10069444444444445
4 0.403125 0.8923611111111112 0.0296875 0.10069444444444445
4 0.4390625 0.8923611111111112 0.0296875 0.10416666666666667
19 0.475 0.8888888888888888 0.028125 0.10416666666666667
18 0.659375 0.7534722222222222 0.0296875 0.10416666666666667
22 0.7328125 0.7534722222222222 0.0296875 0.09722222222222222
8 0.7703125 0.7534722222222222 0.0265625 0.09375
4 0.84375 0.7569444444444444 0.0296875 0.1076388888888889
18 0.8828125 0.7569444444444444 0.0296875 0.10416666666666667