17 0.23125 0.09722222222222222 0.03125 0.11805555555555555
1 0.05625 0.2361111111111111 0.0359375 0.1076388888888889
14 0.096875 0.24305555555555555 0.034375 0.11805555555555555
19 0.4796875 0.2777777777777778 0.03125 0.1284722222222222
0 0.440625 0.2777777777777778 0.03125 0.12152777777777778
24 0.6 0.2847222222222222 0.03125 0.11458333333333333
4 0.0890625 0.5659722222222222 0.034375 0.13194444444444445
6 0.2234375 0.5659722222222222 0.03125 0.11805555555555555
5 0.4359375 0.5833333333333334 0.03125 0.12152777777777778
24 0.5578125 0.5868055555555556 0.03125 0.11805555555555555
18 0.678125 0.5902777777777778 0.0296875 0.1111111111111111
18 0.8765625 0.6006944444444444 0.0296875 0.1111111111111111
14 0.040625 0.7152777777777778 0.0328125 0.11458333333333333
11 0.128125 0.7256944444444444 0.0328125 0.12152777777777778
2 0.21875 0.7291666666666666 0.0359375 0.125
0 0.2625 0.7291666666666666 0.0359375 0.12152777777777778
10 0.30625 0.7291666666666666 0.034375 0.12152777777777778
4 0.3484375 0.7291666666666666 0.034375 0.12152777777777778
18 0.4328125 0.7361111111111112 0.0328125 0.11805555555555555
17 0.515625 0.7361111111111112 0.0328125 0.11805555555555555
10 0.5953125 0.7361111111111112 0.0296875 0.1111111111111111
11 0.6375 0.7395833333333334 0.03125 0.1111111111111111
0 0.4328125 0.8888888888888888 0.0359375 0.11458333333333333
19 0.5140625 0.8923611111111112 0.0328125 0.11805555555555555