3 0.1453125 0.0798611111111111 0.034375 0.11805555555555555
8 0.1875 0.0798611111111111 0.034375 0.11458333333333333
18 0.2328125 0.0798611111111111 0.0359375 0.11805555555555555
10 0.2765625 0.08333333333333333 0.0375 0.12152777777777778
14 0.3203125 0.08333333333333333 0.0375 0.125
15 0.409375 0.08333333333333333 0.0359375 0.12152777777777778
14 0.453125 0.09027777777777778 0.0359375 0.125
19 0.5421875 0.08680555555555555 0.0375 0.11805555555555555
0 0.809375 0.08680555555555555 0.0359375 0.1111111111111111
11 0.8546875 0.09027777777777778 0.0375 0.11805555555555555
19 0.896875 0.09375 0.034375 0.11805555555555555
18 0.98125 0.09722222222222222 0.034375 0.1111111111111111
24 0.1859375 0.2465277777777778 0.0359375 0.12152777777777778
4 0.23125 0.2465277777777778 0.034375 0.12152777777777778
0 0.365625 0.25 0.0375 0.11805555555555555
24 0.6296875 0.2534722222222222 0.034375 0.11805555555555555
5 0.01875 0.40625 0.0328125 0.11458333333333333
12 0.0984375 0.4097222222222222 0.034375 0.11805555555555555
19 0.275 0.4097222222222222 0.034375 0.11805555555555555
22 0.3203125 0.4166666666666667 0.034375 0.11805555555555555
8 0.3640625 0.4131944444444444 0.0359375 0.11805555555555555
7 0.628125 0.4166666666666667 0.034375 0.11458333333333333
18 0.7171875 0.4236111111111111 0.0359375 0.11805555555555555
19 0.80625 0.4236111111111111 0.034375 0.11805555555555555
6 0.85 0.4236111111111111 0.0359375 0.12152777777777778
17 0.89375 0.4270833333333333 0.034375 0.12152777777777778
4 0.0203125 0.5763888888888888 0.034375 0.1284722222222222
17 0.228125 0.5798611111111112 0.034375 0.12152777777777778
4 0.40625 0.5833333333333334 0.0359375 0.125
15 0.4953125 0.5833333333333334 0.0359375 0.11805555555555555
22 0.6265625 0.5868055555555556 0.0328125 0.11805555555555555
2 0.715625 0.5833333333333334 0.0375 0.11805555555555555
19 0.85 0.5902777777777778 0.0359375 0.12152777777777778
11 0.940625 0.5868055555555556 0.0375 0.12152777777777778
3 0.978125 0.5868055555555556 0.03125 0.11805555555555555
24 0.1859375 0.7430555555555556 0.034375 0.125
15 0.3640625 0.7465277777777778 0.0359375 0.125
13 0.4515625 0.7465277777777778 0.0359375 0.12152777777777778
18 0.6296875 0.75 0.034375 0.11805555555555555
7 0.7609375 0.75 0.034375 0.11805555555555555
0 0.8046875 0.75 0.0328125 0.11805555555555555
0 0.89375 0.7534722222222222 0.034375 0.11458333333333333
0 0.184375 0.9027777777777778 0.0328125 0.11458333333333333
8 0.4515625 0.9097222222222222 0.0359375 0.11805555555555555
17 0.6265625 0.9166666666666666 0.034375 0.1284722222222222
0 0.934375 0.9201388888888888 0.03125 0.11458333333333333