4 0.3078125 0.07291666666666667 0.034375 0.12152777777777778
1 0.528125 0.10069444444444445 0.040625 0.11805555555555555
23 0.9046875 0.15625 0.028125 0.11458333333333333
1 0.0875 0.22569444444444445 0.0390625 0.125
14 0.125 0.22569444444444445 0.0328125 0.12152777777777778
24 0.1703125 0.22916666666666666 0.0390625 0.13194444444444445
18 0.215625 0.2326388888888889 0.0390625 0.12152777777777778
18 0.525 0.2604166666666667 0.0328125 0.1111111111111111
8 0.30625 0.4027777777777778 0.034375 0.11458333333333333
13 0.39375 0.4097222222222222 0.0359375 0.12152777777777778
19 0.6859375 0.4305555555555556 0.034375 0.1111111111111111
11 0.803125 0.4375 0.0375 0.10416666666666667
0 0.1265625 0.5555555555555556 0.0390625 0.11805555555555555
3 0.2140625 0.5625 0.0359375 0.11458333333333333
20 0.3484375 0.5729166666666666 0.0375 0.1284722222222222
4 0.521875 0.5763888888888888 0.0296875 0.11458333333333333
22 0.6046875 0.5798611111111112 0.034375 0.11805555555555555
4 0.6453125 0.5833333333333334 0.03125 0.11458333333333333
3 0.725 0.5833333333333334 0.0296875 0.11458333333333333
1 0.0828125 0.7222222222222222 0.0390625 0.11805555555555555
14 0.121875 0.7256944444444444 0.034375 0.125
18 0.2125 0.7326388888888888 0.0375 0.12152777777777778
1 0.3953125 0.7361111111111112 0.0390625 0.125
3 0.6453125 0.7395833333333334 0.03125 0.11458333333333333
12 0.9078125 0.7430555555555556 0.0265625 0.10416666666666667
7 0.0796875 0.8854166666666666 0.034375 0.11805555555555555
5 0.209375 0.8923611111111112 0.03125 0.1111111111111111
4 0.390625 0.9027777777777778 0.03125 0.11805555555555555
0 0.5625 0.8958333333333334 0.034375 0.1111111111111111
7 0.64375 0.8993055555555556 0.028125 0.11458333333333333
0 0.684375 0.8958333333333334 0.028125 0.1076388888888889
1 0.8015625 0.8923611111111112 0.028125 0.1076388888888889
19 0.8734375 0.8923611111111112 0.0265625 0.1076388888888889
19 0.9078125 0.8888888888888888 0.025 0.10416666666666667