3 0.0515625 0.22916666666666666 0.0375 0.1284722222222222
18 0.1015625 0.08333333333333333 0.040625 0.12152777777777778
2 0.225 0.0798611111111111 0.0359375 0.1111111111111111
17 0.3015625 0.0763888888888889 0.0359375 0.11458333333333333
0 0.346875 0.0798611111111111 0.0328125 0.10416666666666667
6 0.3875 0.0798611111111111 0.034375 0.12152777777777778
4 0.428125 0.0798611111111111 0.034375 0.12152777777777778
18 0.5125 0.0763888888888889 0.0375 0.1284722222222222
18 0.1734375 0.22916666666666666 0.0390625 0.1284722222222222
12 0.215625 0.22916666666666666 0.0421875 0.125
8 0.259375 0.22569444444444445 0.0375 0.12152777777777778
11 0.3 0.2222222222222222 0.0328125 0.12152777777777778
19 0.0390625 0.3715277777777778 0.0390625 0.1284722222222222
14 0.0796875 0.3784722222222222 0.0421875 0.1284722222222222
12 0.125 0.375 0.040625 0.1284722222222222
15 0.2515625 0.3715277777777778 0.0375 0.1284722222222222
11 0.2953125 0.3680555555555556 0.0359375 0.1284722222222222
0 0.334375 0.3784722222222222 0.0328125 0.125
19 0.378125 0.3784722222222222 0.0390625 0.1284722222222222
19 0.4265625 0.375 0.0421875 0.1388888888888889
13 0.0296875 0.5347222222222222 0.0453125 0.1284722222222222
22 0.2921875 0.5347222222222222 0.040625 0.13541666666666666
11 0.5578125 0.5208333333333334 0.0484375 0.13194444444444445
4 0.7265625 0.5347222222222222 0.053125 0.1423611111111111
4 0.0625 0.6944444444444444 0.034375 0.125
0 0.8203125 0.5277777777777778 0.0328125 0.11805555555555555
6 0.865625 0.53125 0.0375 0.1284722222222222
14 0.90625 0.5243055555555556 0.0375 0.1284722222222222
1 0.1046875 0.6944444444444444 0.0375 0.13194444444444445
8 0.1953125 0.6979166666666666 0.0328125 0.13194444444444445
0 0.2375 0.7013888888888888 0.0359375 0.12152777777777778
18 0.421875 0.6909722222222222 0.040625 0.13541666666666666
22 0.5109375 0.6944444444444444 0.0421875 0.1388888888888889
4 0.55625 0.6909722222222222 0.0390625 0.13541666666666666
18 0.6484375 0.6979166666666666 0.04375 0.14930555555555555
4 0.6921875 0.6979166666666666 0.0359375 0.1423611111111111
11 0.7375 0.6979166666666666 0.0328125 0.125
11 0.784375 0.6909722222222222 0.0390625 0.13541666666666666
17 0.91875 0.7013888888888888 0.04375 0.1423611111111111
18 0.0546875 0.8680555555555556 0.040625 0.14583333333333334
4 0.2359375 0.8680555555555556 0.0390625 0.14583333333333334
7 0.278125 0.8715277777777778 0.0359375 0.1423611111111111
0 0.5578125 0.8645833333333334 0.0359375 0.1388888888888889
19 0.6015625 0.8680555555555556 0.0390625 0.13541666666666666