4 0.1703125 0.09722222222222222 0.0359375 0.11805555555555555
23 0.2140625 0.09722222222222222 0.0359375 0.12152777777777778
19 0.2578125 0.09722222222222222 0.034375 0.12152777777777778
19 0.3453125 0.09722222222222222 0.034375 0.11458333333333333
12 0.0828125 0.2604166666666667 0.0421875 0.1284722222222222
0 0.2625 0.4236111111111111 0.0453125 0.1388888888888889
0 0.6078125 0.4166666666666667 0.0453125 0.13194444444444445
14 0.9515625 0.40625 0.0375 0.1284722222222222
10 0.4546875 0.5763888888888888 0.040625 0.11805555555555555
18 0.5203125 0.5798611111111112 0.0359375 0.12152777777777778
22 0.825 0.5763888888888888 0.0359375 0.11805555555555555
8 0.8671875 0.5729166666666666 0.0328125 0.11458333333333333
3 0.953125 0.5729166666666666 0.0328125 0.11805555555555555
10 0.1328125 0.7465277777777778 0.046875 0.125
0 0.303125 0.7430555555555556 0.040625 0.125
13 0.3484375 0.7465277777777778 0.0390625 0.13194444444444445
14 0.434375 0.7395833333333334 0.0375 0.13194444444444445
11 0.48125 0.7395833333333334 0.0421875 0.13194444444444445
3 0.5203125 0.7395833333333334 0.0359375 0.1284722222222222
1 0.6078125 0.7395833333333334 0.0390625 0.1423611111111111
0 0.6515625 0.7430555555555556 0.0375 0.1284722222222222
24 0.69375 0.7395833333333334 0.0359375 0.13194444444444445
14 0.7390625 0.7361111111111112 0.0390625 0.125
13 0.78125 0.7361111111111112 0.0375 0.125
4 0.825 0.7361111111111112 0.0375 0.125
19 0.8671875 0.7395833333333334 0.0375 0.1284722222222222
19 0.9546875 0.7326388888888888 0.0375 0.125
6 0.0421875 0.9166666666666666 0.0375 0.1388888888888889
17 0.084375 0.9166666666666666 0.0328125 0.125
8 0.1265625 0.9131944444444444 0.0359375 0.12152777777777778
12 0.1703125 0.9131944444444444 0.0359375 0.12152777777777778
19 0.3890625 0.90625 0.0359375 0.12152777777777778
11 0.7875 0.9027777777777778 0.04375 0.11805555555555555