19 0.028125 0.0625 0.028125 0.09375
17 0.31875 0.0625 0.0328125 0.09722222222222222
8 0.4328125 0.0625 0.028125 0.08680555555555555
19 0.2015625 0.3298611111111111 0.03125 0.10416666666666667
7 0.046875 0.6111111111111112 0.028125 0.1111111111111111
14 0.196875 0.6180555555555556 0.0359375 0.1076388888888889
2 0.5421875 0.6215277777777778 0.0296875 0.10069444444444445
18 0.0453125 0.7534722222222222 0.03125 0.1076388888888889
18 0.2296875 0.9097222222222222 0.0328125 0.1076388888888889
13 0.540625 0.9131944444444444 0.03125 0.1111111111111111
3 0.6546875 0.9131944444444444 0.0296875 0.1076388888888889
3 0.9 0.7673611111111112 0.025 0.08680555555555555
24 0.7265625 0.6319444444444444 0.028125 0.1111111111111111