18 0.0421875 0.0763888888888889 0.034375 0.11805555555555555
10 0.0796875 0.06944444444444445 0.0359375 0.11458333333333333
8 0.1203125 0.06597222222222222 0.0359375 0.11458333333333333
7 0.03125 0.3715277777777778 0.0359375 0.11805555555555555
0 0.109375 0.3576388888888889 0.0359375 0.125
2 0.1875 0.3472222222222222 0.028125 0.125
14 0.23125 0.3506944444444444 0.03125 0.11805555555555555
11 0.2734375 0.3472222222222222 0.0390625 0.13194444444444445
3 0.3140625 0.3368055555555556 0.034375 0.11805555555555555
19 0.021875 0.6840277777777778 0.0328125 0.1284722222222222
8 0.1046875 0.6840277777777778 0.03125 0.12152777777777778
2 0.14375 0.6701388888888888 0.034375 0.1284722222222222
4 0.1859375 0.6736111111111112 0.0328125 0.1284722222222222
18 0.271875 0.6631944444444444 0.0359375 0.12152777777777778
10 0.315625 0.6631944444444444 0.034375 0.12152777777777778
0 0.359375 0.6631944444444444 0.0359375 0.13194444444444445
19 0.403125 0.65625 0.0359375 0.13194444444444445
6 0.5328125 0.6458333333333334 0.040625 0.1284722222222222
14 0.5765625 0.6423611111111112 0.0375 0.125
19 0.621875 0.6423611111111112 0.0375 0.13194444444444445
19 0.753125 0.6319444444444444 0.0390625 0.125
0 0.7953125 0.6319444444444444 0.0359375 0.125
10 0.8375 0.6284722222222222 0.040625 0.12152777777777778
4 0.8796875 0.6319444444444444 0.034375 0.13194444444444445
13 0.0640625 0.8506944444444444 0.0359375 0.13194444444444445
14 0.1046875 0.8472222222222222 0.034375 0.1284722222222222
15 0.1859375 0.8368055555555556 0.034375 0.1284722222222222
20 0.2296875 0.8368055555555556 0.034375 0.12152777777777778
2 0.2734375 0.8333333333333334 0.0328125 0.11805555555555555
10 0.315625 0.8298611111111112 0.0328125 0.13194444444444445