7 0.096875 0.0625 0.034375 0.1111111111111111
12 0.1390625 0.0625 0.0328125 0.1076388888888889
0 0.3546875 0.059027777777777776 0.0359375 0.1076388888888889
15 0.4375 0.0625 0.034375 0.1076388888888889
4 0.521875 0.0625 0.0328125 0.10416666666666667
2 0.5625 0.059027777777777776 0.03125 0.1076388888888889
0 0.775 0.05555555555555555 0.0375 0.1076388888888889
18 0.940625 0.0625 0.03125 0.1111111111111111
15 0.8578125 0.2152777777777778 0.03125 0.1076388888888889
15 0.98125 0.2152777777777778 0.0296875 0.1076388888888889
18 0.0953125 0.3784722222222222 0.0328125 0.11805555555555555
8 0.1828125 0.375 0.03125 0.1111111111111111
0 0.4375 0.375 0.03125 0.10416666666666667
7 0.6046875 0.375 0.03125 0.1076388888888889
11 0.7765625 0.375 0.0359375 0.11805555555555555
3 0.859375 0.3715277777777778 0.0328125 0.1111111111111111
3 0.9828125 0.3680555555555556 0.03125 0.1111111111111111
7 0.0953125 0.5347222222222222 0.0328125 0.1076388888888889
22 0.3109375 0.5347222222222222 0.034375 0.11458333333333333
0 0.353125 0.53125 0.0328125 0.1111111111111111
19 0.3953125 0.5347222222222222 0.03125 0.11458333333333333
1 0.5203125 0.5347222222222222 0.0328125 0.11458333333333333
13 0.646875 0.53125 0.03125 0.1111111111111111
4 0.6875 0.5347222222222222 0.03125 0.1111111111111111
6 0.81875 0.53125 0.03125 0.1076388888888889
23 0.0953125 0.7013888888888888 0.034375 0.11805555555555555
24 0.26875 0.8541666666666666 0.0359375 0.11458333333333333
3 0.3546875 0.8541666666666666 0.034375 0.12152777777777778
4 0.3953125 0.8541666666666666 0.0328125 0.11805555555555555
2 0.4375 0.8541666666666666 0.03125 0.11805555555555555
8 0.4796875 0.8506944444444444 0.0328125 0.11805555555555555
3 0.521875 0.8506944444444444 0.034375 0.11458333333333333
19 0.6484375 0.8506944444444444 0.03125 0.11458333333333333
18 0.8609375 0.8506944444444444 0.03125 0.1111111111111111
14 0.9453125 0.8472222222222222 0.0328125 0.11458333333333333