13 0.1203125 0.21875 0.03125 0.1111111111111111
18 0.23125 0.2152777777777778 0.0296875 0.1076388888888889
7 0.3828125 0.19791666666666666 0.03125 0.1111111111111111
3 0.4625 0.19444444444444445 0.0328125 0.11805555555555555
18 0.0828125 0.3645833333333333 0.03125 0.11458333333333333
20 0.1546875 0.3611111111111111 0.034375 0.11458333333333333
11 0.2328125 0.3506944444444444 0.0421875 0.13541666666666666
19 0.384375 0.34375 0.0359375 0.13194444444444445
17 0.4625 0.3368055555555556 0.0328125 0.1284722222222222
4 0.503125 0.34375 0.0359375 0.13194444444444445
18 0.5390625 0.3368055555555556 0.0359375 0.13194444444444445
14 0.08125 0.5104166666666666 0.028125 0.11805555555555555
13 0.11875 0.5104166666666666 0.0375 0.1111111111111111
12 0.190625 0.5034722222222222 0.0328125 0.12152777777777778
24 0.23125 0.5069444444444444 0.03125 0.12152777777777778
17 0.3453125 0.4965277777777778 0.0359375 0.12152777777777778
4 0.384375 0.4965277777777778 0.034375 0.12152777777777778
4 0.4234375 0.4930555555555556 0.0328125 0.125
18 0.5046875 0.4930555555555556 0.034375 0.11805555555555555
15 0.5453125 0.4826388888888889 0.03125 0.12152777777777778
4 0.5828125 0.4826388888888889 0.0328125 0.11458333333333333
19 0.70625 0.4791666666666667 0.0375 0.1284722222222222
5 0.08125 0.6527777777777778 0.0328125 0.11458333333333333
3 0.153125 0.65625 0.0296875 0.11805555555555555
8 0.3859375 0.6458333333333334 0.03125 0.125
11 0.4625 0.6423611111111112 0.0375 0.13194444444444445
4 0.50625 0.6388888888888888 0.034375 0.13194444444444445
23 0.6671875 0.6284722222222222 0.0359375 0.13541666666666666
18 0.753125 0.6319444444444444 0.034375 0.1284722222222222
8 0.0453125 0.8055555555555556 0.0296875 0.11805555555555555
5 0.0796875 0.8020833333333334 0.0328125 0.12152777777777778
17 0.190625 0.8020833333333334 0.0375 0.13194444444444445
4 0.228125 0.8020833333333334 0.03125 0.13194444444444445
1 0.26875 0.8055555555555556 0.0375 0.1284722222222222
4 0.3078125 0.8055555555555556 0.0359375 0.1284722222222222
0 0.384375 0.7951388888888888 0.0359375 0.13541666666666666
18 0.465625 0.8020833333333334 0.0359375 0.13194444444444445
0 0.5078125 0.7986111111111112 0.0375 0.13541666666666666
22 0.5515625 0.7881944444444444 0.0359375 0.125
12 0.628125 0.7847222222222222 0.0375 0.12152777777777778
4 0.6671875 0.7881944444444444 0.0359375 0.125
2 0.425 0.9444444444444444 0.034375 0.1111111111111111
14 0.465625 0.9409722222222222 0.034375 0.11805555555555555
4 0.546875 0.9375 0.034375 0.12152777777777778
18 0.9265625 0.9409722222222222 0.0390625 0.11805555555555555