0 0.284375 0.06597222222222222 0.034375 0.1284722222222222
19 0.328125 0.06597222222222222 0.0375 0.13194444444444445
14 0.4546875 0.0763888888888889 0.0375 0.13194444444444445
15 0.4984375 0.07291666666666667 0.0359375 0.125
14 0.7953125 0.07291666666666667 0.0375 0.1423611111111111
11 0.8390625 0.06944444444444445 0.0375 0.13541666666666666
3 0.8796875 0.0763888888888889 0.034375 0.125
11 0.9625 0.0763888888888889 0.034375 0.125
14 0.3703125 0.22916666666666666 0.04375 0.13194444444444445
7 0.540625 0.2361111111111111 0.0375 0.125
8 0.584375 0.22916666666666666 0.0328125 0.11805555555555555
7 0.7125 0.2361111111111111 0.0328125 0.1388888888888889
11 0.7953125 0.2326388888888889 0.0359375 0.13194444444444445
4 0.8390625 0.2361111111111111 0.034375 0.1388888888888889
1 0.8796875 0.2361111111111111 0.034375 0.13541666666666666
18 0.9640625 0.2326388888888889 0.034375 0.125
17 0.1 0.3888888888888889 0.034375 0.1284722222222222
18 0.2828125 0.3854166666666667 0.03125 0.1111111111111111
13 0.4125 0.5520833333333334 0.034375 0.11805555555555555
17 0.278125 0.7083333333333334 0.0390625 0.1388888888888889
15 0.36875 0.7083333333333334 0.0359375 0.125
0 0.4125 0.7083333333333334 0.0328125 0.1284722222222222
15 0.45625 0.7083333333333334 0.0359375 0.1284722222222222
18 0.5421875 0.7083333333333334 0.0359375 0.125
18 0.628125 0.7083333333333334 0.0328125 0.125
0 0.66875 0.7083333333333334 0.0328125 0.11805555555555555
24 0.7171875 0.7083333333333334 0.0375 0.11805555555555555
24 0.803125 0.7083333333333334 0.0328125 0.125
3 0.890625 0.7083333333333334 0.034375 0.12152777777777778
13 0.2296875 0.8819444444444444 0.0375 0.1284722222222222
14 0.275 0.8819444444444444 0.040625 0.13194444444444445
11 0.321875 0.8819444444444444 0.0375 0.13541666666666666
3 0.36875 0.8819444444444444 0.0375 0.13541666666666666
6 0.5859375 0.8819444444444444 0.0328125 0.13541666666666666
19 0.7625 0.8784722222222222 0.0328125 0.125