14 0.3625 0.0625 0.0328125 0.11805555555555555
4 0.496875 0.07291666666666667 0.034375 0.12152777777777778
17 0.7625 0.08680555555555555 0.0359375 0.125
17 0.0984375 0.2222222222222222 0.034375 0.11805555555555555
4 0.140625 0.2222222222222222 0.0328125 0.12152777777777778
12 0.2296875 0.22569444444444445 0.0359375 0.11805555555555555
17 0.5390625 0.24305555555555555 0.034375 0.12152777777777778
4 0.6734375 0.2465277777777778 0.034375 0.12152777777777778
6 0.803125 0.2569444444444444 0.034375 0.125
0 0.9328125 0.2604166666666667 0.0296875 0.1076388888888889
11 0.9734375 0.2638888888888889 0.034375 0.11805555555555555
12 0.0984375 0.3854166666666667 0.034375 0.12152777777777778
0 0.2734375 0.3958333333333333 0.0359375 0.125
8 0.31875 0.3993055555555556 0.034375 0.11805555555555555
8 0.6265625 0.4097222222222222 0.0359375 0.12152777777777778
11 0.7140625 0.4166666666666667 0.0328125 0.11805555555555555
19 0.184375 0.5590277777777778 0.0359375 0.125
15 0.45 0.5694444444444444 0.034375 0.11805555555555555
11 0.628125 0.5763888888888888 0.0390625 0.12152777777777778
20 0.8875 0.5868055555555556 0.034375 0.12152777777777778
8 0.971875 0.5902777777777778 0.03125 0.11805555555555555
23 0.2734375 0.7291666666666666 0.0359375 0.1284722222222222
18 0.3609375 0.7291666666666666 0.0390625 0.12152777777777778
19 0.5359375 0.7361111111111112 0.0328125 0.11458333333333333
13 0.6234375 0.7395833333333334 0.034375 0.11805555555555555
18 0.8 0.75 0.034375 0.11458333333333333
3 0.84375 0.75 0.0328125 0.11458333333333333
7 0.9703125 0.7534722222222222 0.0328125 0.11805555555555555
23 0.1421875 0.8888888888888888 0.0359375 0.12152777777777778
19 0.4484375 0.8993055555555556 0.0390625 0.11805555555555555
13 0.534375 0.9027777777777778 0.0328125 0.1111111111111111