3 0.0625 0.19791666666666666 0.040625 0.13194444444444445
13 0.1578125 0.2048611111111111 0.0375 0.1388888888888889
2 0.35 0.21875 0.0375 0.13541666666666666
7 0.58125 0.2326388888888889 0.03125 0.1284722222222222
21 0.66875 0.2326388888888889 0.0328125 0.125
15 0.396875 0.3923611111111111 0.0390625 0.1284722222222222
19 0.06875 0.5520833333333334 0.0359375 0.13194444444444445
14 0.35 0.5625 0.0375 0.1284722222222222
5 0.4421875 0.5590277777777778 0.034375 0.125
19 0.575 0.5659722222222222 0.0375 0.13194444444444445
3 0.4859375 0.7256944444444444 0.0359375 0.12152777777777778
3 0.7859375 0.7256944444444444 0.0328125 0.11805555555555555
13 0.825 0.7256944444444444 0.0328125 0.1111111111111111
19 0.903125 0.71875 0.03125 0.1076388888888889
18 0.165625 0.8923611111111112 0.034375 0.11805555555555555
14 0.3015625 0.8923611111111112 0.0359375 0.12152777777777778
4 0.484375 0.8923611111111112 0.0375 0.12152777777777778