17 0.2546875 0.08680555555555555 0.03125 0.12152777777777778
12 0.46875 0.0798611111111111 0.03125 0.11458333333333333
11 0.81875 0.07291666666666667 0.034375 0.11805555555555555
3 0.8625 0.06944444444444445 0.0296875 0.12152777777777778
18 0.125 0.25 0.0328125 0.11805555555555555
12 0.1671875 0.2534722222222222 0.0328125 0.11805555555555555
0 0.2109375 0.25 0.03125 0.11805555555555555
11 0.25625 0.25 0.034375 0.11458333333333333
15 0.471875 0.2465277777777778 0.0328125 0.1111111111111111
0 0.5125 0.24305555555555555 0.034375 0.1111111111111111
10 0.865625 0.2326388888888889 0.0390625 0.11458333333333333
15 0.0390625 0.4166666666666667 0.0359375 0.125
0 0.08125 0.4166666666666667 0.0359375 0.12152777777777778
2 0.125 0.4166666666666667 0.0328125 0.12152777777777778
10 0.1703125 0.4131944444444444 0.0359375 0.11805555555555555
0 0.34375 0.40625 0.034375 0.1076388888888889
18 0.3859375 0.40625 0.034375 0.1076388888888889
18 0.4296875 0.40625 0.0328125 0.1111111111111111
17 0.515625 0.40625 0.034375 0.12152777777777778
3 0.0375 0.5763888888888888 0.0375 0.12152777777777778
14 0.08125 0.5763888888888888 0.0359375 0.1111111111111111
14 0.125 0.5798611111111112 0.0375 0.11805555555555555
17 0.16875 0.5729166666666666 0.0359375 0.1111111111111111
14 0.5140625 0.5659722222222222 0.034375 0.1111111111111111
2 0.55625 0.5659722222222222 0.03125 0.1111111111111111
18 0.64375 0.5659722222222222 0.034375 0.11458333333333333
11 0.6890625 0.5659722222222222 0.034375 0.11458333333333333
8 0.1703125 0.7326388888888888 0.0328125 0.11458333333333333
18 0.2125 0.7361111111111112 0.03125 0.11805555555555555
6 0.3 0.7326388888888888 0.0328125 0.11805555555555555
17 0.3421875 0.7326388888888888 0.034375 0.11805555555555555
19 0.3859375 0.7326388888888888 0.0328125 0.12152777777777778
19 0.515625 0.7291666666666666 0.034375 0.11458333333333333
2 0.865625 0.71875 0.034375 0.1076388888888889
6 0.9515625 0.71875 0.0296875 0.1076388888888889
14 0.1703125 0.8958333333333334 0.0328125 0.11458333333333333
13 0.2125 0.8958333333333334 0.0328125 0.11805555555555555
3 0.690625 0.8888888888888888 0.0328125 0.1111111111111111
17 0.7328125 0.8888888888888888 0.0328125 0.1111111111111111