1 0.059375 0.10416666666666667 0.0265625 0.09722222222222222
15 0.315625 0.10069444444444445 0.0328125 0.12152777777777778
18 0.4484375 0.10069444444444445 0.0328125 0.11458333333333333
15 0.5375 0.10069444444444445 0.0328125 0.11805555555555555
0 0.6234375 0.10069444444444445 0.0328125 0.1111111111111111
3 0.9109375 0.1111111111111111 0.03125 0.10069444444444445
6 0.228125 0.2638888888888889 0.034375 0.11805555555555555
20 0.271875 0.2638888888888889 0.0328125 0.11458333333333333
11 0.45 0.2638888888888889 0.034375 0.11458333333333333
19 0.5375 0.2638888888888889 0.0328125 0.11458333333333333
20 0.1 0.4375 0.0328125 0.1284722222222222
2 0.3171875 0.4270833333333333 0.0359375 0.11805555555555555
20 0.3609375 0.4270833333333333 0.0359375 0.12152777777777778
19 0.40625 0.4270833333333333 0.034375 0.12152777777777778
15 0.4953125 0.4270833333333333 0.0359375 0.11805555555555555
20 0.5828125 0.4270833333333333 0.034375 0.11805555555555555
6 0.6265625 0.4236111111111111 0.03125 0.11458333333333333
21 0.0234375 0.7569444444444444 0.03125 0.11805555555555555
20 0.1421875 0.7604166666666666 0.0328125 0.1284722222222222
4 0.184375 0.7569444444444444 0.03125 0.11805555555555555
10 0.3609375 0.7604166666666666 0.034375 0.12152777777777778
4 0.4046875 0.7604166666666666 0.034375 0.1284722222222222
18 0.7609375 0.7534722222222222 0.0359375 0.12152777777777778
9 0.1015625 0.9201388888888888 0.03125 0.10416666666666667
0 0.1421875 0.9201388888888888 0.028125 0.1076388888888889
2 0.184375 0.9201388888888888 0.03125 0.1111111111111111
19 0.4046875 0.9270833333333334 0.0359375 0.125
19 0.4953125 0.9270833333333334 0.0359375 0.12152777777777778
13 0.628125 0.9236111111111112 0.0359375 0.11805555555555555
11 0.809375 0.9236111111111112 0.0390625 0.11805555555555555
11 0.8484375 0.9236111111111112 0.0328125 0.11805555555555555
8 0.7625 0.9236111111111112 0.03125 0.1111111111111111