18 0.090625 0.1111111111111111 0.0390625 0.125
2 0.221875 0.11458333333333333 0.0359375 0.13541666666666666
17 0.309375 0.125 0.034375 0.125
6 0.39375 0.13194444444444445 0.03125 0.13194444444444445
4 0.440625 0.13541666666666666 0.0375 0.1284722222222222
15 0.728125 0.2986111111111111 0.0390625 0.12152777777777778
20 0.6890625 0.3020833333333333 0.0375 0.125
15 0.565625 0.2951388888888889 0.040625 0.1388888888888889
8 0.525 0.2951388888888889 0.0390625 0.1388888888888889
15 0.4828125 0.2881944444444444 0.04375 0.1388888888888889
24 0.353125 0.28125 0.0375 0.125
17 0.309375 0.28125 0.0359375 0.125
14 0.26875 0.28125 0.040625 0.125
11 0.2203125 0.2777777777777778 0.040625 0.1388888888888889
6 0.1765625 0.2777777777777778 0.04375 0.1423611111111111
4 0.21875 0.4375 0.0359375 0.12152777777777778
7 0.5234375 0.4548611111111111 0.0328125 0.1284722222222222
0 0.565625 0.4513888888888889 0.034375 0.125
22 0.6078125 0.4548611111111111 0.034375 0.125
0 0.878125 0.6111111111111112 0.0328125 0.125
19 0.7671875 0.6145833333333334 0.0359375 0.11805555555555555
8 0.6875 0.6180555555555556 0.0359375 0.13541666666666666
13 0.6484375 0.6145833333333334 0.0359375 0.13541666666666666
4 0.3953125 0.6041666666666666 0.034375 0.125
17 0.353125 0.6041666666666666 0.0359375 0.125
0 0.084375 0.5972222222222222 0.0375 0.125
0 0.040625 0.7604166666666666 0.034375 0.1284722222222222
24 0.1296875 0.7638888888888888 0.0375 0.1284722222222222
12 0.2171875 0.7708333333333334 0.0359375 0.12152777777777778
14 0.2609375 0.7604166666666666 0.03125 0.1111111111111111
21 0.6859375 0.7708333333333334 0.0359375 0.12152777777777778
3 0.9109375 0.7604166666666666 0.0328125 0.125
0 0.6859375 0.9270833333333334 0.0296875 0.11805555555555555
2 0.6453125 0.9305555555555556 0.034375 0.11805555555555555
21 0.390625 0.9270833333333334 0.0375 0.1388888888888889
2 0.3046875 0.9270833333333334 0.0375 0.12152777777777778
17 0.21875 0.9340277777777778 0.0375 0.1284722222222222
13 0.13125 0.9236111111111112 0.04375 0.125