19 0.6953125 0.0763888888888889 0.028125 0.10069444444444445
18 0.8078125 0.08333333333333333 0.028125 0.09375
2 0.915625 0.09027777777777778 0.0265625 0.09375
17 0.9875 0.09722222222222222 0.025 0.09722222222222222
8 0.28125 0.1875 0.0296875 0.09722222222222222
2 0.3578125 0.19444444444444445 0.0296875 0.10069444444444445
19 0.4328125 0.2048611111111111 0.0296875 0.09722222222222222
23 0.6203125 0.21180555555555555 0.0296875 0.10069444444444445
8 0.771875 0.2152777777777778 0.028125 0.09722222222222222
2 0.8453125 0.21875 0.03125 0.09722222222222222
19 0.91875 0.22569444444444445 0.0296875 0.09375
7 0.2390625 0.3333333333333333 0.03125 0.10416666666666667
24 0.39375 0.34375 0.0296875 0.10069444444444445
12 0.8828125 0.3645833333333333 0.028125 0.09722222222222222
15 0.9203125 0.3680555555555556 0.0265625 0.09375
1 0.315625 0.4722222222222222 0.0296875 0.10069444444444445
19 0.4296875 0.4826388888888889 0.028125 0.09722222222222222
5 0.50625 0.4826388888888889 0.0296875 0.09722222222222222
4 0.6171875 0.4861111111111111 0.0296875 0.09375
24 0.6953125 0.4930555555555556 0.0296875 0.10069444444444445
4 0.7328125 0.4930555555555556 0.0265625 0.10069444444444445
3 0.9578125 0.5069444444444444 0.0296875 0.09722222222222222
21 0.1203125 0.6111111111111112 0.028125 0.1076388888888889
14 0.1578125 0.6111111111111112 0.028125 0.1076388888888889
8 0.196875 0.6145833333333334 0.03125 0.1076388888888889
2 0.2359375 0.6145833333333334 0.028125 0.1076388888888889
4 0.2734375 0.6145833333333334 0.0296875 0.1111111111111111
13 0.3109375 0.7673611111111112 0.03125 0.1076388888888889
8 0.4265625 0.7673611111111112 0.0296875 0.10069444444444445
7 0.503125 0.7708333333333334 0.0296875 0.10416666666666667
1 0.578125 0.7743055555555556 0.0296875 0.1076388888888889
4 0.6171875 0.78125 0.0296875 0.10416666666666667
0 0.7328125 0.7847222222222222 0.0328125 0.1076388888888889
6 0.884375 0.7951388888888888 0.0296875 0.1111111111111111
4 0.9203125 0.7951388888888888 0.0296875 0.1111111111111111
19 0.1171875 0.8993055555555556 0.028125 0.1076388888888889
19 0.23125 0.9097222222222222 0.03125 0.10069444444444445
12 0.6546875 0.9236111111111112 0.0296875 0.10416666666666667