22 0.0390625 0.10069444444444445 0.040625 0.12152777777777778
11 0.1 0.09722222222222222 0.04375 0.1284722222222222
8 0.5421875 0.09722222222222222 0.0359375 0.12152777777777778
11 0.6359375 0.09722222222222222 0.040625 0.1284722222222222
0 0.6765625 0.09375 0.034375 0.125
4 0.8140625 0.09375 0.034375 0.125
14 0.2265625 0.2604166666666667 0.034375 0.12152777777777778
11 0.5 0.2638888888888889 0.04375 0.11805555555555555
8 0.540625 0.2638888888888889 0.0328125 0.11805555555555555
0 0.021875 0.4270833333333333 0.0375 0.12152777777777778
8 0.0609375 0.4270833333333333 0.0328125 0.11805555555555555
20 0.1875 0.4305555555555556 0.03125 0.12152777777777778
15 0.2296875 0.4270833333333333 0.03125 0.125
19 0.3640625 0.4270833333333333 0.0328125 0.11805555555555555
7 0.675 0.4375 0.034375 0.125
11 0.8109375 0.4375 0.034375 0.12152777777777778
1 0.3203125 0.5902777777777778 0.034375 0.11458333333333333
22 0.63125 0.6006944444444444 0.0359375 0.12152777777777778
17 0.0265625 0.7430555555555556 0.0296875 0.1111111111111111
18 0.1078125 0.75 0.0296875 0.1076388888888889
14 0.190625 0.7534722222222222 0.03125 0.11805555555555555
13 0.278125 0.7569444444444444 0.0359375 0.1111111111111111
18 0.3640625 0.7569444444444444 0.03125 0.11805555555555555
13 0.5390625 0.7604166666666666 0.0359375 0.12152777777777778
24 0.1109375 0.9097222222222222 0.0328125 0.11805555555555555
3 0.19375 0.9131944444444444 0.0328125 0.1111111111111111
1 0.2796875 0.9166666666666666 0.0328125 0.1076388888888889
0 0.4984375 0.9236111111111112 0.0390625 0.11805555555555555
12 0.584375 0.9305555555555556 0.0359375 0.125
0 0.6296875 0.9270833333333334 0.0359375 0.11805555555555555
19 0.6734375 0.9340277777777778 0.0328125 0.12152777777777778
14 0.8515625 0.9375 0.0359375 0.11458333333333333