12 0.196875 0.06597222222222222 0.0375 0.13194444444444445
4 0.240625 0.0625 0.0375 0.125
4 0.3328125 0.0625 0.0390625 0.125
8 0.4734375 0.059027777777777776 0.0375 0.11805555555555555
11 0.56875 0.059027777777777776 0.0375 0.11805555555555555
11 0.609375 0.0625 0.0421875 0.125
6 0.70625 0.0625 0.040625 0.12152777777777778
4 0.7515625 0.0625 0.0375 0.12152777777777778
11 0.753125 0.22569444444444445 0.0375 0.125
11 0.70625 0.22569444444444445 0.0359375 0.13194444444444445
18 0.475 0.22916666666666666 0.0359375 0.125
13 0.2 0.2326388888888889 0.040625 0.13194444444444445
18 0.1546875 0.40625 0.0375 0.125
11 0.2 0.4027777777777778 0.0375 0.13194444444444445
8 0.246875 0.4027777777777778 0.034375 0.1284722222222222
3 0.2890625 0.4027777777777778 0.034375 0.13541666666666666
14 0.565625 0.3993055555555556 0.0375 0.125
17 0.6125 0.3993055555555556 0.0328125 0.125
11 0.659375 0.5763888888888888 0.0375 0.1388888888888889
0 0.6109375 0.5798611111111112 0.0375 0.13541666666666666
11 0.38125 0.5763888888888888 0.0359375 0.1284722222222222
13 0.290625 0.5798611111111112 0.0375 0.125
20 0.2453125 0.5763888888888888 0.0375 0.11805555555555555
8 0.071875 0.5729166666666666 0.0390625 0.13194444444444445
17 0.028125 0.5763888888888888 0.03125 0.125
18 0.4734375 0.7465277777777778 0.034375 0.11458333333333333
4 0.6125 0.75 0.0375 0.1284722222222222
12 0.7515625 0.75 0.0375 0.125
13 0.6609375 0.9236111111111112 0.0375 0.13194444444444445
18 0.4296875 0.9236111111111112 0.0359375 0.12152777777777778