6 0.103125 0.1076388888888889 0.034375 0.12152777777777778
14 0.1421875 0.1076388888888889 0.0328125 0.1111111111111111
19 0.1828125 0.1076388888888889 0.0359375 0.11805555555555555
5 0.475 0.11805555555555555 0.0328125 0.11458333333333333
2 0.5578125 0.11805555555555555 0.0328125 0.1111111111111111
13 0.85625 0.13541666666666666 0.0328125 0.11458333333333333
11 0.9375 0.2986111111111111 0.0359375 0.1111111111111111
3 0.9765625 0.3020833333333333 0.034375 0.125
13 0.8109375 0.2916666666666667 0.034375 0.11805555555555555
4 0.5984375 0.2847222222222222 0.0328125 0.11805555555555555
5 0.0625 0.2638888888888889 0.0359375 0.125
18 0.0609375 0.4097222222222222 0.034375 0.1111111111111111
3 0.1 0.4097222222222222 0.0375 0.11458333333333333
17 0.3875 0.4340277777777778 0.03125 0.1111111111111111
6 0.471875 0.4340277777777778 0.03125 0.1111111111111111
14 0.5953125 0.4409722222222222 0.03125 0.1111111111111111
8 0.6375 0.4444444444444444 0.034375 0.11805555555555555
18 0.7625 0.6006944444444444 0.0375 0.1111111111111111
1 0.6765625 0.5972222222222222 0.0296875 0.12152777777777778
24 0.553125 0.59375 0.034375 0.11805555555555555
0 0.43125 0.59375 0.0359375 0.11805555555555555
10 0.30625 0.5798611111111112 0.0359375 0.1284722222222222
19 0.2234375 0.5729166666666666 0.0359375 0.11805555555555555
0 0.1 0.5729166666666666 0.0359375 0.11805555555555555
7 0.059375 0.5798611111111112 0.0359375 0.1388888888888889
22 0.0625 0.7222222222222222 0.0375 0.125
0 0.1 0.7222222222222222 0.03125 0.11805555555555555
18 0.140625 0.7222222222222222 0.0375 0.12152777777777778
0 0.3875 0.7361111111111112 0.03125 0.1111111111111111
0 0.5078125 0.7395833333333334 0.0296875 0.10416666666666667
12 0.59375 0.7430555555555556 0.0375 0.12152777777777778
8 0.675 0.7534722222222222 0.03125 0.1076388888888889
12 0.103125 0.875 0.0375 0.11805555555555555