2 0.3921875 0.11805555555555555 0.040625 0.13541666666666666
17 0.440625 0.11805555555555555 0.0421875 0.13194444444444445
4 0.490625 0.12152777777777778 0.0421875 0.1388888888888889
22 0.5421875 0.12152777777777778 0.0421875 0.14930555555555555
12 0.7390625 0.11805555555555555 0.0375 0.1423611111111111
14 0.7890625 0.125 0.040625 0.14930555555555555
11 0.8859375 0.12152777777777778 0.0375 0.13541666666666666
24 0.9328125 0.13541666666666666 0.0375 0.1527777777777778
17 0.1890625 0.3020833333333333 0.04375 0.14930555555555555
14 0.4390625 0.2986111111111111 0.0421875 0.1388888888888889
12 0.590625 0.2951388888888889 0.0421875 0.14930555555555555
24 0.690625 0.2986111111111111 0.04375 0.1388888888888889
11 0.740625 0.2951388888888889 0.0421875 0.1388888888888889
19 0.94375 0.2986111111111111 0.040625 0.1388888888888889
2 0.090625 0.4826388888888889 0.0375 0.1388888888888889
0 0.1359375 0.4791666666666667 0.0390625 0.14583333333333334
11 0.1828125 0.4826388888888889 0.0375 0.16319444444444445
11 0.2296875 0.4861111111111111 0.0421875 0.1527777777777778
7 0.3875 0.4791666666666667 0.040625 0.16319444444444445
12 0.4375 0.4791666666666667 0.0453125 0.1423611111111111
0 0.5421875 0.4791666666666667 0.04375 0.14583333333333334
12 0.6453125 0.4791666666666667 0.0421875 0.1527777777777778
20 0.6984375 0.4826388888888889 0.0453125 0.1423611111111111
19 0.7484375 0.4791666666666667 0.0421875 0.14583333333333334
4 0.85 0.4861111111111111 0.046875 0.1423611111111111
12 0.1765625 0.6701388888888888 0.040625 0.15625
8 0.278125 0.6701388888888888 0.040625 0.1597222222222222
11 0.33125 0.6736111111111112 0.0390625 0.15625
11 0.3828125 0.6736111111111112 0.0421875 0.1527777777777778
0 0.4359375 0.6805555555555556 0.0421875 0.16666666666666666
18 0.696875 0.6805555555555556 0.040625 0.15625
8 0.7515625 0.6701388888888888 0.040625 0.14930555555555555
4 0.9078125 0.6805555555555556 0.0421875 0.1527777777777778
8 0.0734375 0.8645833333333334 0.0390625 0.1388888888888889
11 0.1171875 0.8645833333333334 0.04375 0.14583333333333334
11 0.16875 0.8645833333333334 0.046875 0.1527777777777778
8 0.221875 0.8645833333333334 0.04375 0.1597222222222222
6 0.275 0.8611111111111112 0.04375 0.16666666666666666
0 0.328125 0.8715277777777778 0.0421875 0.1597222222222222
13 0.3796875 0.875 0.0453125 0.1701388888888889
19 0.596875 0.8715277777777778 0.04375 0.1736111111111111
21 0.7046875 0.875 0.046875 0.1597222222222222
8 0.7578125 0.875 0.0421875 0.16666666666666666
18 0.8125 0.8784722222222222 0.046875 0.16319444444444445
8 0.8640625 0.8819444444444444 0.04375 0.1597222222222222
19 0.91875 0.8784722222222222 0.0453125 0.1597222222222222