5 0.5125 0.06597222222222222 0.034375 0.125
13 0.6453125 0.0625 0.0375 0.11805555555555555
20 0.6015625 0.059027777777777776 0.0375 0.11805555555555555
14 0.8234375 0.0625 0.034375 0.12152777777777778
13 0.1046875 0.20833333333333334 0.0359375 0.12152777777777778
20 0.3328125 0.21875 0.0375 0.12152777777777778
0 0.55625 0.22569444444444445 0.034375 0.125
18 0.734375 0.2222222222222222 0.034375 0.11805555555555555
18 0.778125 0.22569444444444445 0.0375 0.11805555555555555
0 0.0640625 0.375 0.0484375 0.13541666666666666
5 0.15 0.3819444444444444 0.0421875 0.1388888888888889
14 0.1953125 0.3784722222222222 0.0390625 0.1284722222222222
2 0.24375 0.3784722222222222 0.04375 0.13541666666666666
11 0.3796875 0.3819444444444444 0.04375 0.11805555555555555
4 0.421875 0.3819444444444444 0.0359375 0.11805555555555555
7 0.6875 0.3958333333333333 0.0375 0.13541666666666666
3 0.7765625 0.3958333333333333 0.0375 0.13194444444444445
18 0.8671875 0.3958333333333333 0.0375 0.125
2 0.9546875 0.3993055555555556 0.0390625 0.1284722222222222
18 0.421875 0.5520833333333334 0.0359375 0.125
4 0.553125 0.5555555555555556 0.0375 0.12152777777777778
10 0.3046875 0.71875 0.0421875 0.1284722222222222
22 0.375 0.7152777777777778 0.0375 0.13194444444444445
4 0.41875 0.71875 0.0359375 0.13541666666666666
17 0.509375 0.7222222222222222 0.034375 0.125
4 0.5515625 0.7256944444444444 0.034375 0.125
10 0.6625 0.7222222222222222 0.0453125 0.12152777777777778
4 0.7765625 0.7361111111111112 0.0375 0.13541666666666666
18 0.8640625 0.7291666666666666 0.0375 0.1284722222222222
7 0.9515625 0.7326388888888888 0.0359375 0.1284722222222222
0 0.05625 0.8784722222222222 0.0375 0.1284722222222222
13 0.1015625 0.8784722222222222 0.0375 0.13194444444444445
14 0.146875 0.8819444444444444 0.0375 0.1284722222222222
17 0.2359375 0.8819444444444444 0.0375 0.1284722222222222