5 0.1734375 0.0798611111111111 0.0328125 0.11805555555555555
1 0.2578125 0.08680555555555555 0.0296875 0.1111111111111111
3 0.3046875 0.08680555555555555 0.034375 0.11805555555555555
5 0.3484375 0.09027777777777778 0.034375 0.11805555555555555
3 0.3953125 0.08680555555555555 0.0359375 0.11805555555555555
2 0.525 0.09027777777777778 0.0328125 0.11458333333333333
0 0.5875 0.09375 0.0328125 0.1076388888888889
5 0.653125 0.09722222222222222 0.03125 0.1076388888888889
8 0.7421875 0.10416666666666667 0.0328125 0.11805555555555555
2 0.8265625 0.10069444444444445 0.034375 0.1076388888888889
3 0.8671875 0.10416666666666667 0.0328125 0.11805555555555555
8 0.95 0.10416666666666667 0.0296875 0.1076388888888889
12 0.0796875 0.20833333333333334 0.0375 0.12152777777777778
19 0.1640625 0.2048611111111111 0.0375 0.125
0 0.209375 0.2013888888888889 0.034375 0.13194444444444445
18 0.3 0.20833333333333334 0.0375 0.125
24 0.4796875 0.2152777777777778 0.0375 0.125
4 0.5234375 0.2152777777777778 0.0359375 0.1284722222222222
7 0.6546875 0.21875 0.0328125 0.12152777777777778
0 0.696875 0.2152777777777778 0.034375 0.11805555555555555
0 0.7859375 0.2152777777777778 0.034375 0.1076388888888889
5 0.8296875 0.2152777777777778 0.0359375 0.11805555555555555
17 0.9578125 0.2222222222222222 0.0375 0.1111111111111111
2 0.0734375 0.3576388888888889 0.034375 0.11805555555555555
14 0.1140625 0.3611111111111111 0.0375 0.125
3 0.159375 0.3611111111111111 0.0359375 0.125
0 0.478125 0.3645833333333333 0.0328125 0.12152777777777778
13 0.5234375 0.3680555555555556 0.0390625 0.125
0 0.7015625 0.375 0.034375 0.12152777777777778
19 0.746875 0.3784722222222222 0.0390625 0.1284722222222222
18 0.8375 0.3819444444444444 0.0359375 0.1388888888888889
12 0.925 0.3784722222222222 0.034375 0.12152777777777778
7 0.153125 0.5277777777777778 0.0328125 0.125
12 0.1984375 0.53125 0.0375 0.125
7 0.56875 0.53125 0.0390625 0.1388888888888889
7 0.70625 0.5347222222222222 0.0359375 0.1284722222222222
0 0.7515625 0.5347222222222222 0.034375 0.125
12 0.9734375 0.5416666666666666 0.034375 0.13194444444444445
15 0.05625 0.7013888888888888 0.0390625 0.125
17 0.0984375 0.7013888888888888 0.0390625 0.13541666666666666
4 0.1453125 0.6979166666666666 0.0375 0.1423611111111111
18 0.19375 0.7083333333333334 0.0390625 0.1388888888888889
14 0.2390625 0.7083333333333334 0.0390625 0.1423611111111111
14 0.2875 0.7083333333333334 0.0375 0.13541666666666666
12 0.3375 0.7048611111111112 0.040625 0.1284722222222222
0 0.525 0.7048611111111112 0.0328125 0.125
13 0.5703125 0.7013888888888888 0.0375 0.14583333333333334
24 0.759375 0.7118055555555556 0.040625 0.1388888888888889
11 0.9828125 0.7083333333333334 0.034375 0.1597222222222222
0 0.9421875 0.7083333333333334 0.0390625 0.14583333333333334
1 0.0515625 0.8784722222222222 0.034375 0.14583333333333334
14 0.0953125 0.8888888888888888 0.040625 0.13194444444444445
17 0.1390625 0.8819444444444444 0.0375 0.13541666666666666
13 0.1875 0.8854166666666666 0.040625 0.1423611111111111
0 0.2890625 0.8854166666666666 0.0375 0.13541666666666666
19 0.33125 0.8888888888888888 0.040625 0.1388888888888889
3 0.4765625 0.8854166666666666 0.0375 0.1423611111111111
4 0.5265625 0.875 0.0359375 0.1388888888888889
18 0.5734375 0.8819444444444444 0.0390625 0.14583333333333334
10 0.6203125 0.8854166666666666 0.040625 0.1423611111111111
14 0.6671875 0.8854166666666666 0.04375 0.13541666666666666
3 0.85625 0.8888888888888888 0.040625 0.14583333333333334
14 0.903125 0.8923611111111112 0.0375 0.1388888888888889
13 0.946875 0.8888888888888888 0.040625 0.1388888888888889