13 0.128125 0.11458333333333333 0.034375 0.11458333333333333
24 0.16875 0.11458333333333333 0.034375 0.1111111111111111
20 0.33125 0.1076388888888889 0.034375 0.11805555555555555
15 0.3734375 0.10069444444444445 0.0359375 0.12152777777777778
22 0.5359375 0.11458333333333333 0.0328125 0.11805555555555555
4 0.578125 0.1111111111111111 0.034375 0.12152777777777778
19 0.084375 0.2604166666666667 0.0296875 0.12152777777777778
17 0.1625 0.2569444444444444 0.034375 0.11805555555555555
2 0.24375 0.2604166666666667 0.0359375 0.125
4 0.2875 0.2534722222222222 0.0359375 0.125
14 0.1171875 0.4131944444444444 0.03125 0.12152777777777778
15 0.15625 0.40625 0.034375 0.11805555555555555
15 0.1984375 0.40625 0.0328125 0.125
18 0.284375 0.40625 0.0359375 0.1111111111111111
0 0.409375 0.4027777777777778 0.03125 0.1076388888888889
19 0.4953125 0.4097222222222222 0.0375 0.1111111111111111
0 0.5359375 0.40625 0.0328125 0.11805555555555555
23 0.5796875 0.4097222222222222 0.034375 0.11458333333333333
8 0.6203125 0.40625 0.0359375 0.1111111111111111
12 0.5375 0.2569444444444444 0.0390625 0.11458333333333333
0 0.578125 0.2534722222222222 0.0328125 0.1111111111111111
3 0.61875 0.2534722222222222 0.03125 0.1111111111111111
4 0.6578125 0.2569444444444444 0.0328125 0.1076388888888889
11 0.7 0.2569444444444444 0.034375 0.12152777777777778
24 0.7421875 0.2569444444444444 0.0375 0.1111111111111111
13 0.7828125 0.2569444444444444 0.0328125 0.11458333333333333
4 0.65625 0.11458333333333333 0.0359375 0.12152777777777778
0 0.696875 0.1111111111111111 0.034375 0.12152777777777778
11 0.8171875 0.11458333333333333 0.0328125 0.11458333333333333
8 0.85625 0.11458333333333333 0.0265625 0.1111111111111111
21 0.8953125 0.11805555555555555 0.0375 0.11805555555555555
4 0.934375 0.11805555555555555 0.03125 0.1076388888888889
17 0.9796875 0.2638888888888889 0.0328125 0.12152777777777778
17 0.746875 0.4097222222222222 0.0359375 0.125
8 0.7890625 0.4166666666666667 0.0328125 0.11805555555555555
3 0.8296875 0.4131944444444444 0.0359375 0.125
4 0.8703125 0.4166666666666667 0.0328125 0.12152777777777778
8 0.95 0.4131944444444444 0.03125 0.125
0 0.15625 0.5694444444444444 0.0328125 0.125
18 0.19375 0.5694444444444444 0.0359375 0.1284722222222222
18 0.2375 0.5694444444444444 0.0375 0.1284722222222222
0 0.28125 0.5694444444444444 0.0375 0.1284722222222222
18 0.325 0.5659722222222222 0.0375 0.1284722222222222
18 0.36875 0.5625 0.0375 0.1284722222222222
18 0.453125 0.5625 0.0359375 0.1284722222222222
17 0.6671875 0.5659722222222222 0.0359375 0.125
14 0.10625 0.7361111111111112 0.0375 0.125
17 0.1484375 0.7326388888888888 0.0375 0.12152777777777778
4 0.234375 0.7326388888888888 0.0375 0.13194444444444445
1 0.36875 0.7326388888888888 0.0375 0.13194444444444445
0 0.409375 0.7256944444444444 0.0390625 0.1388888888888889
3 0.4546875 0.7256944444444444 0.0375 0.13194444444444445
6 0.540625 0.7222222222222222 0.0390625 0.12152777777777778
20 0.5828125 0.7291666666666666 0.0390625 0.11805555555555555
24 0.6265625 0.7222222222222222 0.040625 0.13194444444444445
1 0.79375 0.5625 0.034375 0.1284722222222222
0 0.8328125 0.5659722222222222 0.03125 0.12152777777777778
3 0.875 0.5659722222222222 0.0375 0.1284722222222222
6 0.9578125 0.5694444444444444 0.0375 0.1284722222222222
0 0.7984375 0.7256944444444444 0.034375 0.1284722222222222
11 0.840625 0.7291666666666666 0.0375 0.1423611111111111
11 0.88125 0.7256944444444444 0.028125 0.13541666666666666
8 0.9671875 0.7326388888888888 0.0375 0.13541666666666666
13 0.4515625 0.8958333333333334 0.04375 0.1423611111111111
6 0.5390625 0.8958333333333334 0.040625 0.1388888888888889
0 0.584375 0.8958333333333334 0.034375 0.13194444444444445
19 0.628125 0.8958333333333334 0.040625 0.1388888888888889
24 0.846875 0.8958333333333334 0.040625 0.1388888888888889
19 0.9328125 0.8923611111111112 0.0390625 0.1388888888888889
2 0.1015625 0.8993055555555556 0.0359375 0.1388888888888889
11 0.1421875 0.9027777777777778 0.0359375 0.1284722222222222
20 0.184375 0.9027777777777778 0.0359375 0.13194444444444445
12 0.228125 0.8993055555555556 0.0375 0.13541666666666666
15 0.275 0.8993055555555556 0.0359375 0.13194444444444445
24 0.3171875 0.8993055555555556 0.0375 0.13541666666666666