17 0.228125 0.16666666666666666 0.0359375 0.1111111111111111
0 0.2671875 0.1597222222222222 0.0296875 0.1111111111111111
6 0.3046875 0.16666666666666666 0.034375 0.1076388888888889
4 0.34375 0.16319444444444445 0.0328125 0.1111111111111111
18 0.421875 0.16319444444444445 0.034375 0.125
8 0.0234375 0.4513888888888889 0.0359375 0.11805555555555555
0 0.0609375 0.4513888888888889 0.028125 0.12152777777777778
13 0.096875 0.4513888888888889 0.0359375 0.13194444444444445
24 0.1734375 0.4548611111111111 0.0375 0.125
18 0.3765625 0.4479166666666667 0.0328125 0.1284722222222222
4 0.415625 0.4548611111111111 0.0359375 0.13194444444444445
2 0.584375 0.4444444444444444 0.0390625 0.125
13 0.66875 0.4479166666666667 0.0359375 0.1388888888888889
0 0.7109375 0.4513888888888889 0.0359375 0.13541666666666666
7 0.7546875 0.4513888888888889 0.0390625 0.13194444444444445
0 0.796875 0.4513888888888889 0.0359375 0.1284722222222222
13 0.8375 0.4548611111111111 0.034375 0.1388888888888889
20 0.046875 0.59375 0.034375 0.125
12 0.0859375 0.6006944444444444 0.03125 0.11805555555555555
15 0.128125 0.6006944444444444 0.0375 0.13194444444444445
18 0.16875 0.6006944444444444 0.0359375 0.13194444444444445
18 0.246875 0.5972222222222222 0.0359375 0.12152777777777778
20 0.2890625 0.6006944444444444 0.0390625 0.13194444444444445
2 0.3296875 0.6041666666666666 0.0328125 0.11805555555555555
10 0.3734375 0.6006944444444444 0.0390625 0.125
0 0.4953125 0.5972222222222222 0.034375 0.125
13 0.5390625 0.6006944444444444 0.034375 0.12152777777777778
7 0.66875 0.6041666666666666 0.0375 0.1388888888888889
4 0.7140625 0.6111111111111112 0.0390625 0.13541666666666666
13 0.878125 0.6284722222222222 0.03125 0.1388888888888889
17 0.2390625 0.7569444444444444 0.0375 0.125
8 0.28125 0.7569444444444444 0.034375 0.1284722222222222
8 0.365625 0.7569444444444444 0.0390625 0.13541666666666666
0 0.4078125 0.7569444444444444 0.03125 0.1388888888888889
13 0.45 0.7604166666666666 0.0359375 0.1388888888888889
24 0.5375 0.7604166666666666 0.0359375 0.125
7 0.7609375 0.7673611111111112 0.0375 0.14583333333333334
4 0.80625 0.7673611111111112 0.0359375 0.13194444444444445