19 0.2546875 0.10416666666666667 0.034375 0.11458333333333333
22 0.3 0.1076388888888889 0.0359375 0.12152777777777778
3 0.34375 0.10416666666666667 0.034375 0.12152777777777778
7 0.43125 0.10416666666666667 0.0328125 0.11805555555555555
1 0.6109375 0.10069444444444445 0.0375 0.12152777777777778
17 0.653125 0.10069444444444445 0.034375 0.11805555555555555
20 0.7 0.10069444444444445 0.034375 0.12152777777777778
10 0.746875 0.10069444444444445 0.0375 0.125
18 0.878125 0.09722222222222222 0.0359375 0.11805555555555555
11 0.9640625 0.10069444444444445 0.0328125 0.11458333333333333
6 0.165625 0.2673611111111111 0.034375 0.11458333333333333
9 0.3 0.2777777777777778 0.034375 0.11805555555555555
0 0.34375 0.2743055555555556 0.034375 0.12152777777777778
2 0.3890625 0.2708333333333333 0.0359375 0.11805555555555555
15 0.7890625 0.2638888888888889 0.034375 0.12152777777777778
1 0.0828125 0.4375 0.0375 0.11458333333333333
11 0.2109375 0.4375 0.034375 0.12152777777777778
3 0.609375 0.4340277777777778 0.034375 0.11805555555555555
4 0.74375 0.4340277777777778 0.0359375 0.12152777777777778
18 0.83125 0.4305555555555556 0.0328125 0.12152777777777778
4 0.878125 0.4340277777777778 0.0328125 0.11805555555555555
4 0.9203125 0.4340277777777778 0.0328125 0.11805555555555555
0 0.0421875 0.6006944444444444 0.0328125 0.1111111111111111
4 0.4328125 0.6006944444444444 0.034375 0.1111111111111111
3 0.521875 0.6006944444444444 0.0328125 0.11458333333333333
4 0.6546875 0.6006944444444444 0.0375 0.1111111111111111
7 0.0859375 0.7673611111111112 0.034375 0.12152777777777778
8 0.215625 0.7638888888888888 0.0328125 0.1111111111111111
18 0.259375 0.7673611111111112 0.0359375 0.11805555555555555
20 0.346875 0.7673611111111112 0.0359375 0.11805555555555555
18 0.5671875 0.7604166666666666 0.0328125 0.11458333333333333
11 0.65625 0.7638888888888888 0.0375 0.11805555555555555
19 0.6984375 0.7638888888888888 0.0328125 0.1111111111111111
18 0.259375 0.9340277777777778 0.0328125 0.11458333333333333
4 0.3921875 0.9270833333333334 0.034375 0.11805555555555555
3 0.6546875 0.9270833333333334 0.034375 0.11458333333333333
11 0.8328125 0.9270833333333334 0.0375 0.11805555555555555
15 0.9578125 0.9236111111111112 0.034375 0.1111111111111111