0 0.0921875 0.10069444444444445 0.034375 0.125
2 0.30625 0.09375 0.0328125 0.125
17 0.6921875 0.10069444444444445 0.0359375 0.125
0 0.7296875 0.10069444444444445 0.0375 0.12152777777777778
19 0.815625 0.10069444444444445 0.034375 0.125
19 0.98125 0.2569444444444444 0.0375 0.125
17 0.653125 0.2534722222222222 0.0375 0.12152777777777778
15 0.39375 0.2569444444444444 0.0375 0.11458333333333333
20 0.3515625 0.2534722222222222 0.0375 0.11458333333333333
14 0.1296875 0.2604166666666667 0.0421875 0.11805555555555555
6 0.090625 0.2638888888888889 0.0359375 0.125
14 0.125 0.4236111111111111 0.0359375 0.13194444444444445
11 0.1703125 0.4236111111111111 0.0375 0.1284722222222222
3 0.39375 0.5798611111111112 0.0375 0.11805555555555555
7 0.74375 0.5763888888888888 0.0328125 0.12152777777777778
11 0.871875 0.5729166666666666 0.0375 0.125
3 0.4828125 0.7395833333333334 0.0359375 0.1284722222222222
4 0.259375 0.75 0.0375 0.125
1 0.165625 0.7569444444444444 0.0375 0.13194444444444445
4 0.078125 0.9201388888888888 0.0359375 0.1284722222222222
21 0.1203125 0.9236111111111112 0.040625 0.1388888888888889
0 0.25625 0.9236111111111112 0.0375 0.1388888888888889
3 0.35 0.9166666666666666 0.0390625 0.1388888888888889
14 0.390625 0.9166666666666666 0.040625 0.1388888888888889
17 0.4375 0.9166666666666666 0.0375 0.1388888888888889
24 0.484375 0.9131944444444444 0.0390625 0.1423611111111111
18 0.571875 0.9097222222222222 0.0390625 0.13541666666666666
19 0.6609375 0.9027777777777778 0.0375 0.1388888888888889
0 0.7046875 0.90625 0.0359375 0.13541666666666666
2 0.7484375 0.90625 0.0359375 0.13194444444444445
10 0.7921875 0.9027777777777778 0.0390625 0.13541666666666666
11 0.8375 0.9027777777777778 0.0421875 0.1423611111111111
4 0.878125 0.8993055555555556 0.0375 0.1527777777777778