19 0.646875 0.16319444444444445 0.0328125 0.1111111111111111
18 0.765625 0.1701388888888889 0.0328125 0.1111111111111111
2 0.88125 0.1840277777777778 0.03125 0.09722222222222222
17 0.95625 0.18055555555555555 0.03125 0.1076388888888889
17 0.959375 0.3298611111111111 0.0328125 0.11458333333333333
14 0.9234375 0.3263888888888889 0.0359375 0.11805555555555555
11 0.884375 0.3263888888888889 0.03125 0.12152777777777778
6 0.846875 0.3263888888888889 0.0359375 0.125
5 0.6890625 0.3159722222222222 0.0375 0.125
12 0.6453125 0.3125 0.0359375 0.11458333333333333
7 0.60625 0.3125 0.034375 0.12152777777777778
21 0.4421875 0.3055555555555556 0.0359375 0.125
14 0.403125 0.3020833333333333 0.0375 0.125
2 0.3625 0.3020833333333333 0.0390625 0.125
13 0.278125 0.2986111111111111 0.0421875 0.125
15 0.196875 0.2951388888888889 0.0375 0.125
11 0.078125 0.2916666666666667 0.040625 0.125
11 0.040625 0.2916666666666667 0.034375 0.125
6 0.1125 0.4409722222222222 0.0359375 0.125
4 0.1515625 0.4409722222222222 0.0328125 0.125
4 0.19375 0.4444444444444444 0.0375 0.125
0 0.2765625 0.4548611111111111 0.034375 0.11805555555555555
11 0.3609375 0.4479166666666667 0.0421875 0.125
11 0.4015625 0.4548611111111111 0.0375 0.13541666666666666
7 0.5625 0.4652777777777778 0.0328125 0.125
18 0.6046875 0.4652777777777778 0.03125 0.14583333333333334
4 0.884375 0.4756944444444444 0.03125 0.12152777777777778
0 0.76875 0.6215277777777778 0.034375 0.12152777777777778
13 0.521875 0.6145833333333334 0.0375 0.125
14 0.4796875 0.6111111111111112 0.034375 0.125
4 0.4 0.6145833333333334 0.034375 0.11805555555555555
3 0.359375 0.6180555555555556 0.034375 0.125
14 0.3171875 0.6111111111111112 0.0359375 0.11458333333333333
17 0.275 0.6111111111111112 0.0375 0.125
24 0.19375 0.6041666666666666 0.0359375 0.125
14 0.0734375 0.75 0.0359375 0.12152777777777778
17 0.109375 0.7534722222222222 0.0328125 0.1284722222222222
19 0.15 0.7569444444444444 0.0375 0.12152777777777778
18 0.271875 0.7673611111111112 0.034375 0.12152777777777778
13 0.315625 0.7673611111111112 0.0328125 0.12152777777777778
0 0.3546875 0.7638888888888888 0.03125 0.11805555555555555
15 0.3953125 0.7673611111111112 0.0328125 0.125
15 0.4375 0.7708333333333334 0.034375 0.11805555555555555
24 0.478125 0.7708333333333334 0.03125 0.1111111111111111
20 0.603125 0.7743055555555556 0.03125 0.1111111111111111
13 0.6421875 0.7743055555555556 0.0296875 0.11458333333333333
4 0.684375 0.78125 0.0296875 0.1111111111111111
0 0.725 0.7777777777777778 0.0328125 0.11458333333333333
24 0.8046875 0.7777777777777778 0.0328125 0.1076388888888889
12 0.8828125 0.7847222222222222 0.03125 0.12152777777777778
14 0.91875 0.78125 0.0265625 0.11805555555555555
2 0.9578125 0.9375 0.03125 0.12152777777777778
17 0.88125 0.9270833333333334 0.0359375 0.13194444444444445
13 0.80625 0.9305555555555556 0.0375 0.11805555555555555
0 0.153125 0.9097222222222222 0.034375 0.1111111111111111
22 0.1125 0.9131944444444444 0.0359375 0.1284722222222222