7 0.259375 0.06597222222222222 0.0375 0.1284722222222222
4 0.53125 0.06597222222222222 0.040625 0.1284722222222222
0 0.671875 0.06597222222222222 0.0375 0.125
13 0.715625 0.06597222222222222 0.0421875 0.1284722222222222
17 0.9375 0.06944444444444445 0.0375 0.13541666666666666
4 0.9421875 0.2361111111111111 0.0375 0.12152777777777778
1 0.66875 0.22916666666666666 0.03125 0.12152777777777778
18 0.5328125 0.2361111111111111 0.034375 0.1284722222222222
4 0.4859375 0.2361111111111111 0.034375 0.13194444444444445
10 0.1734375 0.22569444444444445 0.0421875 0.13194444444444445
0 0.13125 0.22916666666666666 0.0375 0.13541666666666666
19 0.0890625 0.22916666666666666 0.0453125 0.13541666666666666
2 0.171875 0.3993055555555556 0.04375 0.1284722222222222
17 0.2578125 0.3958333333333333 0.0421875 0.1388888888888889
8 0.303125 0.3958333333333333 0.0390625 0.1388888888888889
4 0.35 0.3958333333333333 0.0375 0.13194444444444445
8 0.575 0.4027777777777778 0.0359375 0.125
19 0.621875 0.4027777777777778 0.0359375 0.1284722222222222
13 0.7609375 0.40625 0.0359375 0.13541666666666666
0 0.9796875 0.40625 0.0375 0.1284722222222222
11 0.98125 0.5763888888888888 0.0375 0.13194444444444445
13 0.8515625 0.5694444444444444 0.0375 0.1284722222222222
15 0.5765625 0.5729166666666666 0.0375 0.1284722222222222
2 0.44375 0.5694444444444444 0.0375 0.1284722222222222
8 0.3953125 0.5729166666666666 0.0375 0.1423611111111111
19 0.3484375 0.5694444444444444 0.04375 0.1388888888888889
13 0.3046875 0.5694444444444444 0.04375 0.1388888888888889
0 0.259375 0.5659722222222222 0.0390625 0.13541666666666666
11 0.215625 0.5694444444444444 0.040625 0.125
19 0.171875 0.5659722222222222 0.0421875 0.1284722222222222
0 0.128125 0.5659722222222222 0.0375 0.13194444444444445
20 0.128125 0.7291666666666666 0.0375 0.13194444444444445
22 0.6203125 0.7430555555555556 0.0390625 0.11805555555555555
17 0.75625 0.7465277777777778 0.034375 0.11805555555555555
4 0.803125 0.7430555555555556 0.0390625 0.13194444444444445
12 0.84375 0.9131944444444444 0.0390625 0.13194444444444445
14 0.7546875 0.9166666666666666 0.0421875 0.125
4 0.484375 0.90625 0.0328125 0.125
6 0.35 0.9097222222222222 0.0390625 0.13194444444444445
11 0.2140625 0.9097222222222222 0.0328125 0.125
8 0.171875 0.90625 0.0375 0.13194444444444445
18 0.0875 0.8923611111111112 0.0375 0.1284722222222222