24 0.1296875 0.0798611111111111 0.0421875 0.12152777777777778
24 0.2640625 0.07291666666666667 0.0390625 0.11805555555555555
1 0.440625 0.0763888888888889 0.0359375 0.125
20 0.484375 0.0763888888888889 0.034375 0.11458333333333333
14 0.5265625 0.0798611111111111 0.0375 0.12152777777777778
24 0.5734375 0.0763888888888889 0.0390625 0.11805555555555555
2 0.834375 0.0763888888888889 0.034375 0.11458333333333333
0 0.875 0.07291666666666667 0.034375 0.12152777777777778
17 0.084375 0.2361111111111111 0.034375 0.125
14 0.128125 0.23958333333333334 0.0359375 0.11805555555555555
2 0.1703125 0.2326388888888889 0.0375 0.1284722222222222
10 0.2125 0.2326388888888889 0.034375 0.11805555555555555
24 0.259375 0.23958333333333334 0.0390625 0.1284722222222222
1 0.346875 0.22916666666666666 0.0328125 0.12152777777777778
14 0.39375 0.22916666666666666 0.0421875 0.12152777777777778
19 0.4375 0.2361111111111111 0.034375 0.125
19 0.4859375 0.2361111111111111 0.0390625 0.1388888888888889
14 0.528125 0.2361111111111111 0.034375 0.12152777777777778
12 0.575 0.2361111111111111 0.0359375 0.12152777777777778
3 0.25625 0.3958333333333333 0.0390625 0.13541666666666666
0 0.303125 0.3993055555555556 0.0375 0.1284722222222222
3 0.3484375 0.3993055555555556 0.0390625 0.1284722222222222
18 0.440625 0.4027777777777778 0.0359375 0.13541666666666666
4 0.4828125 0.3958333333333333 0.040625 0.1284722222222222
7 0.6203125 0.3958333333333333 0.0375 0.13194444444444445
4 0.665625 0.3993055555555556 0.0375 0.1284722222222222
22 0.7578125 0.3958333333333333 0.0390625 0.12152777777777778
3 0.8015625 0.3993055555555556 0.0375 0.13194444444444445
13 0.84375 0.3958333333333333 0.0390625 0.1284722222222222
13 0.9359375 0.3993055555555556 0.034375 0.1284722222222222
5 0.075 0.5729166666666666 0.0390625 0.1388888888888889
8 0.1171875 0.5729166666666666 0.0359375 0.1423611111111111
21 0.1609375 0.5763888888888888 0.0390625 0.1284722222222222
4 0.209375 0.5763888888888888 0.0359375 0.1423611111111111
12 0.2984375 0.5694444444444444 0.0390625 0.125
8 0.346875 0.5694444444444444 0.0359375 0.13541666666666666
11 0.39375 0.5659722222222222 0.040625 0.13541666666666666
4 0.4390625 0.5625 0.0390625 0.13541666666666666
14 0.5265625 0.5729166666666666 0.0359375 0.1423611111111111
24 0.6671875 0.5659722222222222 0.040625 0.1388888888888889
3 0.896875 0.5590277777777778 0.0390625 0.1388888888888889
0 0.9421875 0.5590277777777778 0.034375 0.125
24 0.2953125 0.7430555555555556 0.040625 0.1388888888888889
3 0.3921875 0.7291666666666666 0.0390625 0.1284722222222222
14 0.4390625 0.7361111111111112 0.0390625 0.1423611111111111
13 0.4828125 0.7361111111111112 0.0375 0.13194444444444445
19 0.5765625 0.7395833333333334 0.0421875 0.13194444444444445
7 0.6734375 0.7361111111111112 0.0421875 0.1388888888888889
4 0.71875 0.7395833333333334 0.0390625 0.13194444444444445
6 0.8125 0.7395833333333334 0.040625 0.1527777777777778
8 0.8578125 0.7395833333333334 0.0375 0.1388888888888889
19 0.9046875 0.7465277777777778 0.040625 0.1527777777777778
7 0.0625 0.9201388888888888 0.034375 0.13541666666666666
3 0.1546875 0.9236111111111112 0.040625 0.14930555555555555
18 0.4859375 0.9201388888888888 0.0421875 0.14930555555555555
3 0.53125 0.9236111111111112 0.0390625 0.1527777777777778
14 0.721875 0.9201388888888888 0.040625 0.1527777777777778
17 0.8171875 0.9166666666666666 0.040625 0.1423611111111111