9 0.1140625 0.10416666666666667 0.0390625 0.1284722222222222
0 0.153125 0.10069444444444445 0.0375 0.13194444444444445
18 0.190625 0.09722222222222222 0.0359375 0.1284722222222222
14 0.2328125 0.09027777777777778 0.0328125 0.125
13 0.278125 0.09375 0.03125 0.125
18 0.365625 0.09375 0.034375 0.11805555555555555
20 0.409375 0.09375 0.0375 0.125
1 0.45625 0.09375 0.0359375 0.125
12 0.4984375 0.09027777777777778 0.0375 0.1284722222222222
8 0.5453125 0.09027777777777778 0.0375 0.13541666666666666
18 0.5890625 0.09027777777777778 0.0375 0.125
18 0.6359375 0.08333333333333333 0.0375 0.13541666666666666
8 0.68125 0.08333333333333333 0.0375 0.125
21 0.7265625 0.08333333333333333 0.0375 0.125
4 0.771875 0.08333333333333333 0.0375 0.1284722222222222
11 0.815625 0.0798611111111111 0.034375 0.13194444444444445
24 0.865625 0.08333333333333333 0.0375 0.125
1 0.078125 0.2638888888888889 0.034375 0.125
0 0.1109375 0.2638888888888889 0.0296875 0.12152777777777778
2 0.153125 0.2638888888888889 0.03125 0.125
10 0.1953125 0.2604166666666667 0.0375 0.11805555555555555
18 0.321875 0.2638888888888889 0.0375 0.125
14 0.4109375 0.2569444444444444 0.0359375 0.125
18 0.725 0.2569444444444444 0.0375 0.125
15 0.1140625 0.4270833333333333 0.0359375 0.125
13 0.19375 0.4236111111111111 0.0375 0.1284722222222222
11 0.278125 0.4236111111111111 0.034375 0.125
7 0.4109375 0.4270833333333333 0.034375 0.125
12 0.45625 0.4236111111111111 0.040625 0.1284722222222222
2 0.725 0.4270833333333333 0.0359375 0.125
0 0.76875 0.4236111111111111 0.0375 0.1388888888888889
1 0.8171875 0.4236111111111111 0.0375 0.1388888888888889
8 0.95 0.5972222222222222 0.040625 0.13541666666666666
2 0.8609375 0.5972222222222222 0.040625 0.1388888888888889
13 0.678125 0.59375 0.0390625 0.125
15 0.5875 0.5972222222222222 0.0390625 0.13194444444444445
19 0.4546875 0.5902777777777778 0.034375 0.125
0 0.3234375 0.59375 0.0359375 0.125
19 0.2375 0.5902777777777778 0.0375 0.125
23 0.1546875 0.75 0.0375 0.125
18 0.2375 0.75 0.034375 0.11805555555555555
9 0.3671875 0.75 0.034375 0.12152777777777778
0 0.4125 0.75 0.0359375 0.125
2 0.4546875 0.75 0.0375 0.125
14 0.4984375 0.7534722222222222 0.0359375 0.125
1 0.54375 0.75 0.0375 0.1284722222222222
17 0.678125 0.7569444444444444 0.0421875 0.13194444444444445
14 0.7234375 0.7569444444444444 0.0390625 0.13194444444444445
8 0.5890625 0.9166666666666666 0.0375 0.125
13 0.4125 0.9131944444444444 0.0359375 0.125
19 0.325 0.9131944444444444 0.0359375 0.125
18 0.284375 0.9131944444444444 0.04375 0.125
13 0.240625 0.9097222222222222 0.040625 0.1284722222222222
7 0.2 0.9097222222222222 0.040625 0.125
14 0.1578125 0.90625 0.040625 0.13194444444444445
9 0.1203125 0.90625 0.034375 0.13541666666666666