8 0.23125 0.0798611111111111 0.0359375 0.125
21 0.31875 0.08333333333333333 0.0375 0.125
4 0.3625 0.0798611111111111 0.0359375 0.12152777777777778
18 0.45 0.08680555555555555 0.0359375 0.125
4 0.4953125 0.08680555555555555 0.0359375 0.1284722222222222
18 0.628125 0.09027777777777778 0.0359375 0.12152777777777778
12 0.6734375 0.09027777777777778 0.0359375 0.11805555555555555
0 0.715625 0.08680555555555555 0.034375 0.12152777777777778
11 0.765625 0.09027777777777778 0.0359375 0.11805555555555555
11 0.809375 0.09027777777777778 0.0375 0.11805555555555555
0 0.05 0.2361111111111111 0.0390625 0.13194444444444445
1 0.0953125 0.2361111111111111 0.040625 0.1284722222222222
0 0.1890625 0.2361111111111111 0.0484375 0.1284722222222222
18 0.3625 0.25 0.0359375 0.1284722222222222
12 0.4953125 0.2465277777777778 0.0359375 0.12152777777777778
7 0.6734375 0.2569444444444444 0.0359375 0.1284722222222222
0 0.809375 0.2638888888888889 0.0375 0.1284722222222222
24 0.984375 0.2638888888888889 0.03125 0.12152777777777778
7 0.0921875 0.4027777777777778 0.0390625 0.13194444444444445
4 0.1359375 0.4027777777777778 0.0359375 0.13194444444444445
15 0.228125 0.4097222222222222 0.0375 0.13194444444444445
14 0.2703125 0.4097222222222222 0.0375 0.1284722222222222
19 0.3609375 0.4131944444444444 0.0375 0.12152777777777778
0 0.5375 0.4166666666666667 0.0390625 0.12152777777777778
21 0.6265625 0.4166666666666667 0.0375 0.13194444444444445
0 0.671875 0.4166666666666667 0.0375 0.13194444444444445
2 0.7171875 0.4201388888888889 0.0375 0.1284722222222222
0 0.7609375 0.4270833333333333 0.034375 0.125
13 0.8078125 0.4236111111111111 0.034375 0.125
19 0.8515625 0.4270833333333333 0.0375 0.125
18 0.9421875 0.4270833333333333 0.0375 0.1284722222222222
15 0.9828125 0.4270833333333333 0.0328125 0.1284722222222222
14 0.446875 0.5798611111111112 0.0328125 0.12152777777777778
17 0.625 0.5868055555555556 0.0359375 0.12152777777777778
4 0.715625 0.5902777777777778 0.0359375 0.11805555555555555
22 0.3578125 0.75 0.0359375 0.125
18 0.8515625 0.7673611111111112 0.0328125 0.11805555555555555
17 0.98125 0.7708333333333334 0.0328125 0.125
18 0.04375 0.9027777777777778 0.03125 0.1284722222222222
17 0.2671875 0.9097222222222222 0.034375 0.1284722222222222
13 0.3546875 0.9166666666666666 0.0359375 0.11805555555555555
18 0.625 0.9270833333333334 0.034375 0.12152777777777778
14 0.7125 0.9270833333333334 0.034375 0.12152777777777778
22 0.8046875 0.9305555555555556 0.03125 0.11805555555555555
0 0.8484375 0.9305555555555556 0.0328125 0.11805555555555555