15 0.209375 0.08333333333333333 0.0296875 0.09027777777777778
12 0.278125 0.0798611111111111 0.028125 0.09027777777777778
8 0.3140625 0.0798611111111111 0.0296875 0.09375
18 0.346875 0.08333333333333333 0.03125 0.09027777777777778
13 0.41875 0.08333333333333333 0.03125 0.09027777777777778
15 0.6265625 0.08333333333333333 0.0296875 0.09722222222222222
20 0.6625 0.08680555555555555 0.03125 0.09722222222222222
1 0.6953125 0.08333333333333333 0.0265625 0.09375
11 0.7296875 0.08680555555555555 0.03125 0.09027777777777778
8 0.765625 0.08680555555555555 0.028125 0.09027777777777778
11 0.2078125 0.20833333333333334 0.0296875 0.09722222222222222
0 0.24375 0.2048611111111111 0.0296875 0.09375
2 0.346875 0.2048611111111111 0.03125 0.09375
8 0.3125 0.2048611111111111 0.03125 0.08680555555555555
14 0.1734375 0.20833333333333334 0.0296875 0.10069444444444445
18 0.1078125 0.2152777777777778 0.0296875 0.09722222222222222
2 0.4875 0.2152777777777778 0.0296875 0.09722222222222222
13 0.1046875 0.34375 0.0328125 0.09375
4 0.1375 0.34375 0.025 0.10069444444444445
22 0.171875 0.3402777777777778 0.0328125 0.10069444444444445
24 0.2765625 0.34375 0.0328125 0.09375
14 0.3109375 0.3402777777777778 0.028125 0.10069444444444445