19 0.0859375 0.2708333333333333 0.034375 0.12152777777777778
17 0.1234375 0.2673611111111111 0.034375 0.11805555555555555
0 0.1640625 0.2673611111111111 0.034375 0.12152777777777778
13 0.20625 0.2673611111111111 0.034375 0.125
18 0.2484375 0.2673611111111111 0.0375 0.12152777777777778
2 0.290625 0.2673611111111111 0.0375 0.12152777777777778
17 0.334375 0.2673611111111111 0.0390625 0.125
8 0.378125 0.2673611111111111 0.0375 0.125
1 0.4203125 0.2708333333333333 0.034375 0.125
1 0.5953125 0.28125 0.0421875 0.1284722222222222
24 0.6390625 0.2777777777777778 0.0390625 0.1284722222222222
18 0.084375 0.4305555555555556 0.0375 0.11458333333333333
24 0.1640625 0.4305555555555556 0.0390625 0.12152777777777778
5 0.290625 0.4270833333333333 0.0390625 0.12152777777777778
17 0.334375 0.4305555555555556 0.0390625 0.125
8 0.3765625 0.4340277777777778 0.0375 0.1284722222222222
19 0.421875 0.4340277777777778 0.0390625 0.13194444444444445
25 0.4640625 0.4340277777777778 0.0390625 0.13194444444444445
1 0.20625 0.5902777777777778 0.034375 0.11458333333333333
17 0.246875 0.59375 0.040625 0.11805555555555555
11 0.290625 0.59375 0.0421875 0.125
4 0.6765625 0.6076388888888888 0.0359375 0.13541666666666666
19 0.634375 0.6041666666666666 0.040625 0.1388888888888889
20 0.5921875 0.6041666666666666 0.0359375 0.1423611111111111
19 0.5484375 0.6041666666666666 0.040625 0.1284722222222222
8 0.50625 0.6006944444444444 0.0390625 0.1284722222222222
11 0.084375 0.7430555555555556 0.0375 0.1111111111111111
14 0.121875 0.7465277777777778 0.034375 0.1111111111111111
18 0.1625 0.7465277777777778 0.040625 0.12152777777777778
0 0.2890625 0.7569444444444444 0.0390625 0.125
6 0.3765625 0.7638888888888888 0.0359375 0.1284722222222222
4 0.41875 0.7638888888888888 0.0390625 0.13194444444444445
11 0.4625 0.7604166666666666 0.0421875 0.13194444444444445
18 0.50625 0.7604166666666666 0.0375 0.1388888888888889
2 0.6765625 0.7604166666666666 0.0390625 0.12152777777777778
0 0.7203125 0.7569444444444444 0.0359375 0.11805555555555555
11 0.7609375 0.7604166666666666 0.0390625 0.11805555555555555
8 0.803125 0.7638888888888888 0.0375 0.1076388888888889
0 0.9640625 0.7638888888888888 0.0328125 0.11805555555555555
8 0.925 0.7673611111111112 0.034375 0.11458333333333333