2 0.1953125 0.4548611111111111 0.0375 0.12152777777777778
0 0.2375 0.4548611111111111 0.0359375 0.1284722222222222
20 0.2765625 0.4583333333333333 0.0328125 0.12152777777777778
18 0.31875 0.4583333333333333 0.0359375 0.12152777777777778
4 0.3578125 0.4583333333333333 0.0359375 0.1284722222222222
21 0.515625 0.4618055555555556 0.0359375 0.11805555555555555
4 0.5546875 0.46875 0.034375 0.12152777777777778
9 0.63125 0.46875 0.0375 0.125
4 0.671875 0.4722222222222222 0.0328125 0.13194444444444445
18 0.8578125 0.4756944444444444 0.0296875 0.1111111111111111
17 0.6296875 0.3263888888888889 0.034375 0.11805555555555555
14 0.5515625 0.3194444444444444 0.0390625 0.11805555555555555
3 0.4 0.3159722222222222 0.0328125 0.11805555555555555
18 0.3609375 0.3194444444444444 0.0328125 0.1284722222222222
13 0.3609375 0.1736111111111111 0.028125 0.1111111111111111
14 0.321875 0.1701388888888889 0.0328125 0.1111111111111111
13 0.440625 0.1840277777777778 0.0328125 0.13194444444444445
7 0.515625 0.1909722222222222 0.03125 0.12152777777777778
4 0.553125 0.19444444444444445 0.034375 0.11458333333333333
6 0.6296875 0.19791666666666666 0.034375 0.11805555555555555
8 0.6671875 0.19791666666666666 0.0296875 0.125
19 0.7046875 0.2013888888888889 0.0328125 0.11805555555555555
24 0.203125 0.1597222222222222 0.0359375 0.1111111111111111
24 0.4375 0.4618055555555556 0.0359375 0.11805555555555555
0 0.8921875 0.4756944444444444 0.028125 0.1076388888888889
12 0.9265625 0.4791666666666667 0.0359375 0.12152777777777778
4 0.9625 0.4791666666666667 0.03125 0.1111111111111111
13 0.91875 0.20833333333333334 0.034375 0.1111111111111111
3 0.0796875 0.3020833333333333 0.03125 0.1111111111111111
24 0.5171875 0.059027777777777776 0.0375 0.1111111111111111
3 0.7015625 0.06597222222222222 0.0359375 0.1284722222222222
13 0.775 0.0763888888888889 0.034375 0.13194444444444445
11 0.9125 0.08333333333333333 0.0328125 0.11458333333333333