19 0.0625 0.0763888888888889 0.028125 0.09722222222222222
18 0.1734375 0.0798611111111111 0.0296875 0.09722222222222222
2 0.2859375 0.08333333333333333 0.028125 0.09722222222222222
17 0.3609375 0.08333333333333333 0.028125 0.10416666666666667
6 0.4359375 0.09027777777777778 0.028125 0.1076388888888889
4 0.4734375 0.09027777777777778 0.0265625 0.10416666666666667
8 0.1328125 0.21875 0.0296875 0.1111111111111111
2 0.2078125 0.2222222222222222 0.0296875 0.1076388888888889
19 0.284375 0.2222222222222222 0.03125 0.1076388888888889
23 0.4734375 0.2326388888888889 0.03125 0.1076388888888889
2 0.621875 0.23958333333333334 0.0296875 0.11458333333333333
17 0.659375 0.2361111111111111 0.0265625 0.10416666666666667
3 0.8484375 0.24305555555555555 0.0296875 0.10416666666666667
12 0.24375 0.3611111111111111 0.03125 0.10069444444444445
15 0.28125 0.3611111111111111 0.0296875 0.10069444444444445
24 0.396875 0.3680555555555556 0.0296875 0.10069444444444445
24 0.0515625 0.4965277777777778 0.028125 0.10416666666666667
4 0.0890625 0.4965277777777778 0.028125 0.1076388888888889
3 0.31875 0.5069444444444444 0.028125 0.1076388888888889
8 0.4703125 0.5138888888888888 0.028125 0.10416666666666667
18 0.509375 0.5104166666666666 0.028125 0.10416666666666667
10 0.546875 0.5138888888888888 0.028125 0.10416666666666667
14 0.584375 0.5104166666666666 0.0296875 0.10416666666666667
0 0.7765625 0.5173611111111112 0.034375 0.10416666666666667
0 0.0875 0.7881944444444444 0.0359375 0.11458333333333333
6 0.2390625 0.7951388888888888 0.0328125 0.11458333333333333
4 0.278125 0.7951388888888888 0.03125 0.11458333333333333
14 0.353125 0.7916666666666666 0.0328125 0.1111111111111111
13 0.39375 0.7951388888888888 0.0328125 0.11458333333333333
14 0.621875 0.8020833333333334 0.0328125 0.1076388888888889