0 0.309375 0.7430555555555556 0.034375 0.10416666666666667
2 0.275 0.7395833333333334 0.0328125 0.1111111111111111
18 0.3484375 0.75 0.0359375 0.11458333333333333
20 0.3859375 0.75 0.034375 0.11805555555555555
0 0.425 0.75 0.0328125 0.11458333333333333
11 0.465625 0.7534722222222222 0.0390625 0.10416666666666667
18 0.890625 0.7916666666666666 0.034375 0.1076388888888889
19 0.8453125 0.0798611111111111 0.028125 0.09722222222222222
0 0.309375 0.8958333333333334 0.034375 0.11805555555555555
19 0.3453125 0.8958333333333334 0.03125 0.11458333333333333
11 0.384375 0.8993055555555556 0.0375 0.1111111111111111
0 0.4203125 0.8993055555555556 0.03125 0.10416666666666667
13 0.459375 0.9027777777777778 0.0359375 0.1076388888888889
19 0.5 0.90625 0.034375 0.11458333333333333
8 0.7734375 0.9270833333333334 0.034375 0.12152777777777778
17 0.69375 0.6319444444444444 0.03125 0.10069444444444445
2 0.771875 0.6388888888888888 0.0296875 0.10069444444444445
7 0.890625 0.6493055555555556 0.03125 0.1076388888888889