4 0.1640625 0.10069444444444445 0.0328125 0.125
22 0.2078125 0.10416666666666667 0.0328125 0.12152777777777778
19 0.3359375 0.11458333333333333 0.0375 0.11458333333333333
14 0.5390625 0.12152777777777778 0.0296875 0.1111111111111111
6 0.9046875 0.13194444444444445 0.0296875 0.1111111111111111
13 0.034375 0.25 0.0328125 0.11458333333333333
4 0.075 0.25 0.03125 0.125
22 0.290625 0.2638888888888889 0.0390625 0.125
7 0.4578125 0.2673611111111111 0.025 0.1076388888888889
3 0.6625 0.2743055555555556 0.03125 0.09375
17 0.03125 0.4097222222222222 0.0375 0.125
4 0.0703125 0.40625 0.03125 0.1284722222222222
19 0.1140625 0.4097222222222222 0.0359375 0.125
8 0.1578125 0.4097222222222222 0.03125 0.125
13 0.2 0.5798611111111112 0.040625 0.125
14 0.24375 0.5798611111111112 0.034375 0.1284722222222222
11 0.2875 0.5868055555555556 0.0390625 0.125
3 0.328125 0.5798611111111112 0.0390625 0.12152777777777778
8 0.5390625 0.5833333333333334 0.0328125 0.125
11 0.621875 0.5798611111111112 0.034375 0.12152777777777778
12 0.7453125 0.5833333333333334 0.0375 0.13194444444444445
0 0.7875 0.5868055555555556 0.0328125 0.11805555555555555
10 0.83125 0.5902777777777778 0.0375 0.1111111111111111
4 0.4546875 0.7361111111111112 0.03125 0.12152777777777778
0 0.58125 0.7361111111111112 0.03125 0.11458333333333333
11 0.665625 0.7361111111111112 0.03125 0.125
0 0.0625 0.8958333333333334 0.034375 0.12152777777777778
0 0.196875 0.8958333333333334 0.034375 0.13194444444444445
18 0.3265625 0.9027777777777778 0.0328125 0.125