6 0.240625 0.0625 0.0375 0.12152777777777778
2 0.3765625 0.0625 0.0359375 0.12152777777777778
14 0.4234375 0.059027777777777776 0.0328125 0.11458333333333333
19 0.934375 0.06944444444444445 0.0421875 0.1388888888888889
17 0.9328125 0.25 0.0421875 0.1284722222222222
8 0.8875 0.25 0.0390625 0.1527777777777778
0 0.84375 0.24305555555555555 0.0375 0.13541666666666666
15 0.8 0.2361111111111111 0.04375 0.13194444444444445
18 0.753125 0.24305555555555555 0.04375 0.13541666666666666
4 0.7046875 0.24305555555555555 0.0375 0.13194444444444445
3 0.659375 0.23958333333333334 0.0359375 0.13194444444444445
3 0.51875 0.2326388888888889 0.0375 0.125
15 0.4265625 0.2326388888888889 0.0421875 0.1284722222222222
24 0.3296875 0.22916666666666666 0.04375 0.1423611111111111
4 0.284375 0.22916666666666666 0.04375 0.1423611111111111
21 0.2375 0.2222222222222222 0.0484375 0.1527777777777778
7 0.15 0.22569444444444445 0.0421875 0.14583333333333334
5 0.103125 0.4027777777777778 0.0421875 0.16666666666666666
18 0.796875 0.4131944444444444 0.0375 0.1388888888888889
13 0.884375 0.4131944444444444 0.0375 0.13194444444444445
11 0.971875 0.5972222222222222 0.0375 0.1388888888888889
0 0.8875 0.59375 0.04375 0.1388888888888889
7 0.840625 0.5972222222222222 0.0328125 0.1423611111111111
18 0.746875 0.5902777777777778 0.0375 0.11805555555555555
13 0.653125 0.5868055555555556 0.0375 0.1284722222222222
0 0.609375 0.5868055555555556 0.0375 0.125
3 0.5625 0.5902777777777778 0.034375 0.1388888888888889
15 0.2375 0.5798611111111112 0.040625 0.125
9 0.109375 0.5659722222222222 0.034375 0.125
9 0.4703125 0.75 0.034375 0.125
8 0.60625 0.7534722222222222 0.034375 0.13194444444444445
4 0.65 0.7569444444444444 0.034375 0.1284722222222222
13 0.921875 0.9340277777777778 0.0375 0.1284722222222222
2 0.790625 0.9305555555555556 0.0375 0.1388888888888889
20 0.6546875 0.9305555555555556 0.0375 0.13541666666666666
8 0.2875 0.9166666666666666 0.0375 0.125
24 0.1515625 0.9097222222222222 0.0359375 0.11805555555555555
7 0.1125 0.90625 0.0328125 0.1284722222222222