12 0.0921875 0.14930555555555555 0.034375 0.1076388888888889
14 0.2515625 0.1597222222222222 0.03125 0.10416666666666667
14 0.290625 0.16319444444444445 0.03125 0.10069444444444445
13 0.484375 0.1701388888888889 0.03125 0.10416666666666667
4 0.521875 0.1701388888888889 0.0296875 0.10069444444444445
23 0.5609375 0.1701388888888889 0.028125 0.1076388888888889
24 0.7171875 0.1701388888888889 0.03125 0.11458333333333333
3 0.290625 0.3020833333333333 0.028125 0.09375
0 0.4828125 0.3090277777777778 0.028125 0.09722222222222222
1 0.521875 0.3125 0.028125 0.09375
19 0.6390625 0.3159722222222222 0.0328125 0.09722222222222222
4 0.084375 0.4444444444444444 0.03125 0.1076388888888889
4 0.2078125 0.4479166666666667 0.0296875 0.10416666666666667
3 0.4453125 0.4548611111111111 0.03125 0.10069444444444445
3 0.559375 0.4618055555555556 0.0328125 0.1076388888888889
10 0.6765625 0.4618055555555556 0.03125 0.1076388888888889
14 0.715625 0.4618055555555556 0.0328125 0.1076388888888889
0 0.1234375 0.59375 0.0328125 0.11458333333333333
24 0.2453125 0.5972222222222222 0.0359375 0.1076388888888889
4 0.6375 0.6076388888888888 0.0328125 0.10416666666666667
6 0.75625 0.6111111111111112 0.0328125 0.11458333333333333
21 0.8375 0.6111111111111112 0.0328125 0.1076388888888889
8 0.796875 0.6111111111111112 0.03125 0.11458333333333333
7 0.953125 0.6145833333333334 0.0328125 0.11458333333333333
11 0.0359375 0.7395833333333334 0.034375 0.12152777777777778
10 0.1625 0.7395833333333334 0.0359375 0.11458333333333333
17 0.325 0.7395833333333334 0.0328125 0.1076388888888889
3 0.403125 0.7465277777777778 0.03125 0.11458333333333333
10 0.5375 0.7465277777777778 0.0359375 0.1111111111111111
0 0.6359375 0.75 0.0296875 0.10416666666666667
19 0.6765625 0.75 0.034375 0.1111111111111111
11 0.7984375 0.7569444444444444 0.0390625 0.11458333333333333
24 0.4015625 0.8923611111111112 0.0359375 0.1076388888888889
17 0.440625 0.8923611111111112 0.0328125 0.10416666666666667
5 0.51875 0.8958333333333334 0.034375 0.1076388888888889
11 0.6390625 0.8993055555555556 0.0390625 0.1076388888888889
5 0.7171875 0.8993055555555556 0.0375 0.09722222222222222