4 0.13125 0.09375 0.0265625 0.1076388888888889
4 0.3265625 0.08680555555555555 0.028125 0.1076388888888889
17 0.528125 0.08333333333333333 0.028125 0.10416666666666667
24 0.978125 0.0798611111111111 0.0296875 0.1076388888888889
13 0.7765625 0.22916666666666666 0.028125 0.10069444444444445
22 0.6921875 0.2326388888888889 0.028125 0.1076388888888889
24 0.4453125 0.2361111111111111 0.025 0.09722222222222222
0 0.3671875 0.23958333333333334 0.0265625 0.10416666666666667
3 0.121875 0.3854166666666667 0.0296875 0.10416666666666667
17 0.1640625 0.3854166666666667 0.028125 0.1111111111111111
4 0.6078125 0.3819444444444444 0.03125 0.10416666666666667
13 0.8625 0.3819444444444444 0.028125 0.10069444444444445
11 0.9875 0.5381944444444444 0.025 0.10416666666666667
0 0.946875 0.5381944444444444 0.028125 0.1111111111111111
15 0.8640625 0.5381944444444444 0.0265625 0.10069444444444445
20 0.821875 0.5347222222222222 0.0328125 0.1076388888888889
19 0.7359375 0.5381944444444444 0.0296875 0.1076388888888889
0 0.690625 0.5347222222222222 0.025 0.10416666666666667
4 0.6515625 0.5347222222222222 0.03125 0.10416666666666667
3 0.56875 0.5347222222222222 0.0296875 0.10069444444444445
4 0.4859375 0.5347222222222222 0.0296875 0.10416666666666667
7 0.446875 0.5347222222222222 0.0296875 0.10416666666666667
11 0.2828125 0.5381944444444444 0.0265625 0.1076388888888889
14 0.2453125 0.5347222222222222 0.03125 0.1076388888888889
14 0.203125 0.5381944444444444 0.03125 0.1076388888888889
18 0.121875 0.5381944444444444 0.0296875 0.1076388888888889
3 0.5265625 0.6944444444444444 0.0296875 0.11458333333333333
21 0.8671875 0.6979166666666666 0.034375 0.11458333333333333
6 0.8703125 0.8645833333333334 0.03125 0.1111111111111111
19 0.9546875 0.8611111111111112 0.03125 0.1111111111111111
22 0.7421875 0.8645833333333334 0.03125 0.11458333333333333
11 0.6546875 0.8611111111111112 0.03125 0.1111111111111111
18 0.4890625 0.8576388888888888 0.0265625 0.10416666666666667
19 0.40625 0.8576388888888888 0.03125 0.1111111111111111
0 0.365625 0.8541666666666666 0.028125 0.11458333333333333
18 0.2828125 0.8576388888888888 0.028125 0.1111111111111111
3 0.2421875 0.8541666666666666 0.0296875 0.11458333333333333
8 0.2015625 0.8576388888888888 0.03125 0.1111111111111111
10 0.1609375 0.8576388888888888 0.0296875 0.11458333333333333