11 0.5375 0.2361111111111111 0.0375 0.12152777777777778
11 0.753125 0.4131944444444444 0.0390625 0.11805555555555555
24 0.534375 0.4027777777777778 0.034375 0.11805555555555555
24 0.209375 0.3819444444444444 0.040625 0.13194444444444445
18 0.30625 0.3888888888888889 0.0359375 0.125
0 0.3515625 0.3888888888888889 0.0328125 0.12152777777777778
20 0.209375 0.5590277777777778 0.0390625 0.125
13 0.3046875 0.5625 0.0375 0.11805555555555555
14 0.3515625 0.5625 0.034375 0.125
25 0.44375 0.5659722222222222 0.0375 0.125
24 0.7921875 0.5763888888888888 0.0328125 0.11805555555555555
14 0.3484375 0.7326388888888888 0.0390625 0.125
13 0.4859375 0.7326388888888888 0.0359375 0.11805555555555555
13 0.61875 0.7361111111111112 0.034375 0.11805555555555555
13 0.059375 0.90625 0.0390625 0.1284722222222222
17 0.3 0.90625 0.0359375 0.12152777777777778
10 0.3953125 0.9027777777777778 0.0359375 0.125