12 0.2625 0.07291666666666667 0.040625 0.13541666666666666
15 0.3078125 0.06944444444444445 0.040625 0.13541666666666666
14 0.49375 0.0798611111111111 0.034375 0.13194444444444445
19 0.678125 0.08333333333333333 0.0375 0.125
13 0.946875 0.09722222222222222 0.0359375 0.1284722222222222
19 0.8125 0.2604166666666667 0.0375 0.125
14 0.7703125 0.2569444444444444 0.034375 0.125
6 0.725 0.2569444444444444 0.028125 0.125
0 0.49375 0.2569444444444444 0.0359375 0.125
24 0.2609375 0.2465277777777778 0.0375 0.1284722222222222
0 0.215625 0.24305555555555555 0.03125 0.125
22 0.171875 0.24305555555555555 0.0375 0.13194444444444445
0 0.13125 0.24305555555555555 0.0375 0.13194444444444445
14 0.171875 0.4201388888888889 0.0375 0.13194444444444445
4 0.2625 0.4166666666666667 0.0375 0.125
11 0.30625 0.4236111111111111 0.0375 0.13194444444444445
18 0.35625 0.4201388888888889 0.040625 0.125
4 0.4 0.4201388888888889 0.0421875 0.125
7 0.171875 0.5868055555555556 0.0375 0.1284722222222222
21 0.2609375 0.5868055555555556 0.040625 0.1284722222222222
4 0.3078125 0.5868055555555556 0.0359375 0.11805555555555555
8 0.490625 0.5972222222222222 0.03125 0.11458333333333333
19 0.675 0.6006944444444444 0.0375 0.13194444444444445
23 0.9015625 0.6041666666666666 0.0390625 0.1388888888888889
3 0.628125 0.7777777777777778 0.03125 0.12152777777777778
15 0.3078125 0.7638888888888888 0.034375 0.12152777777777778
3 0.128125 0.9305555555555556 0.0375 0.1284722222222222
17 0.171875 0.9270833333333334 0.0375 0.13541666666666666
0 0.2140625 0.9305555555555556 0.0359375 0.125
0 0.4 0.9305555555555556 0.040625 0.1284722222222222
6 0.490625 0.9340277777777778 0.0375 0.13194444444444445
17 0.534375 0.9375 0.034375 0.125
7 0.71875 0.9375 0.0328125 0.125
3 0.809375 0.9375 0.034375 0.125
12 0.9390625 0.9375 0.0375 0.125