3 0.1765625 0.1076388888888889 0.034375 0.125
8 0.2203125 0.1076388888888889 0.0390625 0.1284722222222222
0 0.2609375 0.10416666666666667 0.0375 0.11805555555555555
11 0.303125 0.10416666666666667 0.0359375 0.11805555555555555
4 0.34375 0.09722222222222222 0.034375 0.11458333333333333
2 0.3859375 0.10069444444444445 0.0390625 0.1284722222222222
19 0.4265625 0.10069444444444445 0.0390625 0.12152777777777778
8 0.6390625 0.09027777777777778 0.034375 0.12152777777777778
17 0.6828125 0.09375 0.0359375 0.1284722222222222
19 0.725 0.09375 0.034375 0.13541666666666666
24 0.7671875 0.09722222222222222 0.0390625 0.125
2 0.0875 0.25 0.034375 0.11458333333333333
0 0.128125 0.2534722222222222 0.0390625 0.11458333333333333
4 0.1703125 0.2569444444444444 0.0375 0.1284722222222222
0 0.3453125 0.25 0.0375 0.1284722222222222
13 0.3765625 0.2638888888888889 0.0234375 0.1527777777777778
5 0.5140625 0.2465277777777778 0.0359375 0.13194444444444445
17 0.596875 0.2465277777777778 0.0375 0.13541666666666666
19 0.640625 0.24305555555555555 0.0421875 0.13541666666666666
4 0.6859375 0.24305555555555555 0.0375 0.125
20 0.0375 0.4097222222222222 0.03125 0.125
17 0.38125 0.3993055555555556 0.0359375 0.11805555555555555
8 0.4265625 0.4027777777777778 0.0359375 0.125
8 0.5125 0.3958333333333333 0.0359375 0.12152777777777778
0 0.5546875 0.3958333333333333 0.03125 0.12152777777777778
13 0.6 0.3993055555555556 0.0359375 0.1284722222222222
24 0.690625 0.3958333333333333 0.0421875 0.13194444444444445
19 0.8609375 0.3993055555555556 0.0421875 0.125
8 0.9046875 0.4027777777777778 0.0359375 0.13194444444444445
18 0.946875 0.40625 0.040625 0.1423611111111111
12 0.071875 0.5625 0.0390625 0.12152777777777778
4 0.115625 0.5694444444444444 0.0390625 0.1423611111111111
19 0.1984375 0.5625 0.04375 0.14583333333333334
14 0.24375 0.5625 0.0390625 0.13541666666666666
8 0.4703125 0.5555555555555556 0.0375 0.1284722222222222
21 0.559375 0.5555555555555556 0.040625 0.1423611111111111
4 0.603125 0.5590277777777778 0.0421875 0.1388888888888889
0 0.6921875 0.5555555555555556 0.040625 0.1423611111111111
12 0.8265625 0.5555555555555556 0.034375 0.1388888888888889
21 0.0625 0.7326388888888888 0.0375 0.1388888888888889
20 0.1484375 0.7361111111111112 0.0390625 0.1388888888888889
19 0.1953125 0.7326388888888888 0.040625 0.13541666666666666
6 0.46875 0.7291666666666666 0.0375 0.14583333333333334
0 0.5125 0.7326388888888888 0.0375 0.1423611111111111
11 0.55625 0.7256944444444444 0.0421875 0.1388888888888889
11 0.603125 0.7291666666666666 0.0421875 0.1527777777777778
0 0.6953125 0.7256944444444444 0.0375 0.1388888888888889
21 0.74375 0.7291666666666666 0.0421875 0.1423611111111111
20 0.8359375 0.7291666666666666 0.040625 0.1423611111111111
12 0.878125 0.7256944444444444 0.0375 0.1388888888888889
10 0.140625 0.8993055555555556 0.0375 0.13541666666666666
4 0.1890625 0.90625 0.0375 0.13541666666666666
4 0.2359375 0.9027777777777778 0.0375 0.13194444444444445
15 0.28125 0.90625 0.04375 0.1423611111111111
18 0.4671875 0.8958333333333334 0.0390625 0.1388888888888889
18 0.559375 0.9027777777777778 0.040625 0.1423611111111111
4 0.609375 0.9027777777777778 0.0390625 0.14583333333333334
15 0.653125 0.8993055555555556 0.0390625 0.14583333333333334
17 0.7484375 0.9027777777777778 0.0421875 0.14930555555555555
0 0.79375 0.9027777777777778 0.0375 0.1388888888888889
19 0.8421875 0.9027777777777778 0.0390625 0.15625
4 0.8875 0.90625 0.0390625 0.1423611111111111