7 0.11875 0.06944444444444445 0.03125 0.11458333333333333
5 0.203125 0.06944444444444445 0.0328125 0.11805555555555555
3 0.2421875 0.22569444444444445 0.0359375 0.1284722222222222
8 0.2859375 0.22916666666666666 0.0375 0.13541666666666666
18 0.3296875 0.22916666666666666 0.0375 0.13194444444444445
10 0.3734375 0.2326388888888889 0.0359375 0.1388888888888889
14 0.421875 0.2326388888888889 0.0390625 0.1423611111111111
18 0.5078125 0.2326388888888889 0.040625 0.1284722222222222
3 0.55 0.22916666666666666 0.034375 0.13194444444444445
13 0.6375 0.22916666666666666 0.0375 0.13541666666666666
14 0.68125 0.2361111111111111 0.0296875 0.1284722222222222
19 0.859375 0.22916666666666666 0.0390625 0.13194444444444445
8 0.9046875 0.22916666666666666 0.034375 0.13541666666666666
11 0.95 0.22916666666666666 0.0359375 0.1388888888888889
19 0.1921875 0.3854166666666667 0.0375 0.1388888888888889
18 0.1078125 0.3923611111111111 0.0375 0.14583333333333334
3 0.328125 0.3819444444444444 0.0375 0.125
0 0.371875 0.3923611111111111 0.0375 0.1388888888888889
13 0.4171875 0.3854166666666667 0.0375 0.13541666666666666
12 0.6421875 0.3888888888888889 0.034375 0.13194444444444445
0 0.684375 0.3888888888888889 0.034375 0.1284722222222222
13 0.73125 0.3888888888888889 0.0359375 0.125
20 0.778125 0.3854166666666667 0.0375 0.125
4 0.8203125 0.3888888888888889 0.0375 0.1284722222222222
11 0.865625 0.3854166666666667 0.0375 0.13541666666666666
7 0.2328125 0.5520833333333334 0.0375 0.13541666666666666
18 0.325 0.5555555555555556 0.040625 0.1388888888888889
2 0.4171875 0.5520833333333334 0.0375 0.13194444444444445
0 0.459375 0.5486111111111112 0.034375 0.1423611111111111
0 0.6875 0.5416666666666666 0.03125 0.13194444444444445
13 0.7328125 0.5555555555555556 0.040625 0.1423611111111111
13 0.7796875 0.5590277777777778 0.0390625 0.13541666666666666
13 0.871875 0.5590277777777778 0.040625 0.1388888888888889
2 0.91875 0.5625 0.0390625 0.13541666666666666
1 0.2296875 0.7222222222222222 0.0375 0.125
17 0.275 0.7256944444444444 0.0390625 0.1284722222222222
14 0.321875 0.7291666666666666 0.0328125 0.13194444444444445
0 0.3671875 0.7256944444444444 0.0359375 0.1284722222222222
3 0.415625 0.7256944444444444 0.0375 0.13541666666666666
0 0.50625 0.7222222222222222 0.0390625 0.13194444444444445
23 0.5515625 0.7256944444444444 0.0390625 0.1284722222222222
4 0.5984375 0.7291666666666666 0.0421875 0.1423611111111111
3 0.7859375 0.7256944444444444 0.0359375 0.125
0 0.8328125 0.7222222222222222 0.034375 0.1284722222222222
13 0.8796875 0.7291666666666666 0.034375 0.13194444444444445
13 0.9703125 0.7291666666666666 0.0375 0.13541666666666666
17 0.090625 0.8993055555555556 0.0375 0.1388888888888889
4 0.134375 0.8993055555555556 0.034375 0.13541666666666666
12 0.178125 0.9027777777777778 0.040625 0.1423611111111111
10 0.2703125 0.9027777777777778 0.040625 0.14583333333333334
18 0.31875 0.90625 0.0421875 0.14583333333333334
3 0.5578125 0.8923611111111112 0.0359375 0.1388888888888889
14 0.6015625 0.8993055555555556 0.0359375 0.14930555555555555
17 0.6484375 0.9027777777777778 0.0375 0.13541666666666666
24 0.696875 0.9097222222222222 0.0421875 0.16319444444444445
5 0.7921875 0.90625 0.040625 0.14930555555555555