0 0.115625 0.1076388888888889 0.046875 0.1388888888888889
1 0.196875 0.10416666666666667 0.046875 0.13541666666666666
24 0.665625 0.08333333333333333 0.0375 0.1284722222222222
2 0.7515625 0.0798611111111111 0.034375 0.125
11 0.9234375 0.2465277777777778 0.028125 0.125
0 0.8453125 0.24305555555555555 0.046875 0.1388888888888889
13 0.6234375 0.23958333333333334 0.0375 0.125
18 0.5375 0.2465277777777778 0.0390625 0.125
25 0.45 0.2465277777777778 0.0359375 0.13194444444444445
0 0.40625 0.2569444444444444 0.0359375 0.1284722222222222
1 0.3203125 0.2534722222222222 0.0375 0.125
24 0.234375 0.2569444444444444 0.0359375 0.125
2 0.1953125 0.2638888888888889 0.040625 0.1284722222222222
0 0.109375 0.2708333333333333 0.0390625 0.13194444444444445
5 0.06875 0.2708333333333333 0.034375 0.1284722222222222
19 0.0265625 0.4305555555555556 0.0375 0.13541666666666666
0 0.2796875 0.4131944444444444 0.0421875 0.13194444444444445
8 0.40625 0.4131944444444444 0.0375 0.1284722222222222
13 0.4953125 0.4097222222222222 0.0375 0.1423611111111111
17 0.5828125 0.40625 0.0375 0.13541666666666666
13 0.66875 0.40625 0.0421875 0.1284722222222222
19 0.7125 0.4027777777777778 0.04375 0.125
0 0.625 0.5694444444444444 0.034375 0.1284722222222222
8 0.4953125 0.5763888888888888 0.0375 0.13194444444444445
17 0.3203125 0.5868055555555556 0.0375 0.13541666666666666
6 0.2796875 0.5902777777777778 0.04375 0.15625
3 0.0671875 0.5868055555555556 0.04375 0.1388888888888889
22 0.025 0.5902777777777778 0.040625 0.14930555555555555
19 0.234375 0.75 0.0421875 0.14583333333333334
14 0.3625 0.7430555555555556 0.0359375 0.13541666666666666
24 0.4078125 0.7395833333333334 0.0390625 0.13194444444444445
7 0.5375 0.7465277777777778 0.0359375 0.1388888888888889
0 0.628125 0.7361111111111112 0.0375 0.1388888888888889
18 0.5921875 0.9097222222222222 0.0484375 0.14930555555555555
11 0.1515625 0.90625 0.0453125 0.1527777777777778
14 0.10625 0.9027777777777778 0.034375 0.14583333333333334
2 0.065625 0.9097222222222222 0.03125 0.13194444444444445