11 0.26875 0.09027777777777778 0.0375 0.11458333333333333
11 0.3125 0.09027777777777778 0.0375 0.125
4 0.6109375 0.0763888888888889 0.0359375 0.125
0 0.9828125 0.0798611111111111 0.03125 0.11805555555555555
19 0.2703125 0.2465277777777778 0.0375 0.125
5 0.3984375 0.2465277777777778 0.0328125 0.125
11 0.525 0.24305555555555555 0.0375 0.125
7 0.653125 0.24305555555555555 0.034375 0.1284722222222222
11 0.740625 0.2361111111111111 0.0375 0.125
18 0.86875 0.23958333333333334 0.0359375 0.1284722222222222
11 0.90625 0.23958333333333334 0.040625 0.1284722222222222
24 0.9484375 0.23958333333333334 0.0421875 0.13194444444444445
7 0.2703125 0.4027777777777778 0.034375 0.1284722222222222
13 0.609375 0.3993055555555556 0.034375 0.11458333333333333
12 0.784375 0.3958333333333333 0.034375 0.125
10 0.8703125 0.3958333333333333 0.0375 0.12152777777777778
4 0.9078125 0.3993055555555556 0.0359375 0.125
13 0.9859375 0.3993055555555556 0.028125 0.1111111111111111
9 0.103125 0.5659722222222222 0.0390625 0.1284722222222222
0 0.14375 0.5659722222222222 0.0328125 0.125
18 0.184375 0.5694444444444444 0.0390625 0.1284722222222222
14 0.225 0.5659722222222222 0.0375 0.125
13 0.26875 0.5659722222222222 0.0375 0.125
22 0.3984375 0.5625 0.0375 0.11458333333333333
17 0.440625 0.5659722222222222 0.0375 0.125
19 0.7859375 0.5555555555555556 0.0375 0.125
17 0.065625 0.7256944444444444 0.0359375 0.12152777777777778
18 0.225 0.7256944444444444 0.0359375 0.1111111111111111
3 0.6109375 0.7222222222222222 0.0359375 0.12152777777777778
0 0.828125 0.7222222222222222 0.03125 0.11458333333333333
3 0.9125 0.71875 0.0359375 0.125
5 0.065625 0.8819444444444444 0.034375 0.125
0 0.103125 0.875 0.034375 0.11805555555555555
4 0.440625 0.8819444444444444 0.0359375 0.125
17 0.528125 0.8784722222222222 0.034375 0.1284722222222222
14 0.56875 0.8784722222222222 0.0328125 0.125
11 0.65625 0.8854166666666666 0.034375 0.13194444444444445
21 0.8703125 0.875 0.034375 0.1284722222222222
8 0.9109375 0.875 0.0375 0.13194444444444445