18 0.06875 0.06597222222222222 0.0375 0.1284722222222222
3 0.1109375 0.06944444444444445 0.0359375 0.13541666666666666
12 0.29375 0.0625 0.0359375 0.125
0 0.334375 0.06944444444444445 0.034375 0.13541666666666666
13 0.38125 0.0625 0.0359375 0.125
15 0.74375 0.06944444444444445 0.0375 0.13541666666666666
17 0.0296875 0.2326388888888889 0.0375 0.13194444444444445
0 0.0703125 0.2361111111111111 0.034375 0.1388888888888889
0 0.2484375 0.2361111111111111 0.0328125 0.13541666666666666
10 0.3390625 0.22916666666666666 0.0375 0.125
0 0.428125 0.2326388888888889 0.0359375 0.125
13 0.5171875 0.2361111111111111 0.0359375 0.12152777777777778
18 0.028125 0.3958333333333333 0.034375 0.125
0 0.3375 0.3993055555555556 0.0359375 0.125
8 0.6078125 0.4027777777777778 0.0359375 0.11805555555555555
8 0.8328125 0.40625 0.034375 0.12152777777777778
5 0.878125 0.40625 0.034375 0.1284722222222222
22 0.078125 0.5625 0.0375 0.13194444444444445
3 0.1625 0.5694444444444444 0.0328125 0.12152777777777778
2 0.296875 0.5659722222222222 0.034375 0.125
0 0.4734375 0.5659722222222222 0.0359375 0.12152777777777778
14 0.428125 0.7291666666666666 0.03125 0.125
13 0.69375 0.7361111111111112 0.0359375 0.11805555555555555
13 0.0375 0.8784722222222222 0.034375 0.1284722222222222
8 0.209375 0.8888888888888888 0.0328125 0.11805555555555555
4 0.471875 0.8888888888888888 0.0328125 0.125
19 0.646875 0.8958333333333334 0.0328125 0.12152777777777778
4 0.6921875 0.8958333333333334 0.0328125 0.12152777777777778