19 0.3234375 0.06597222222222222 0.0375 0.125
11 0.415625 0.06944444444444445 0.0359375 0.12152777777777778
11 0.4609375 0.06944444444444445 0.03125 0.125
11 0.6390625 0.0763888888888889 0.0359375 0.12152777777777778
0 0.8984375 0.09375 0.034375 0.11458333333333333
24 0.9390625 0.09722222222222222 0.0328125 0.11805555555555555
6 0.053125 0.22916666666666666 0.0375 0.13194444444444445
4 0.096875 0.22916666666666666 0.0359375 0.13194444444444445
19 0.1390625 0.22569444444444445 0.0359375 0.125
19 0.1859375 0.22569444444444445 0.0375 0.1284722222222222
10 0.36875 0.2361111111111111 0.0375 0.12152777777777778
3 0.4609375 0.23958333333333334 0.0375 0.12152777777777778
1 0.59375 0.24305555555555555 0.040625 0.11458333333333333
0 0.6375 0.24305555555555555 0.0359375 0.11805555555555555
20 0.68125 0.25 0.034375 0.11805555555555555
11 0.728125 0.2465277777777778 0.0390625 0.11805555555555555
10 0.7703125 0.25 0.034375 0.12152777777777778
24 0.8140625 0.2534722222222222 0.0375 0.1284722222222222
0 0.9 0.2604166666666667 0.034375 0.12152777777777778
13 0.9421875 0.2604166666666667 0.0359375 0.12152777777777778
14 0.05 0.3923611111111111 0.0328125 0.125
11 0.0953125 0.3923611111111111 0.0390625 0.125
3 0.1375 0.3923611111111111 0.0375 0.125
12 0.23125 0.3993055555555556 0.0390625 0.125
13 0.321875 0.4027777777777778 0.0390625 0.12152777777777778
0 0.4125 0.40625 0.034375 0.12152777777777778
6 0.546875 0.4131944444444444 0.03125 0.12152777777777778
15 0.1828125 0.5729166666666666 0.0375 0.1284722222222222
13 0.2734375 0.5729166666666666 0.0375 0.1284722222222222
22 0.36875 0.5763888888888888 0.0359375 0.125
0 0.4125 0.5763888888888888 0.0328125 0.11805555555555555
19 0.0890625 0.7430555555555556 0.0328125 0.1284722222222222
14 0.134375 0.7430555555555556 0.0359375 0.12152777777777778
15 0.31875 0.7465277777777778 0.0359375 0.125
11 0.36875 0.75 0.0390625 0.125
0 0.4109375 0.75 0.0359375 0.125
19 0.45625 0.75 0.034375 0.12152777777777778
19 0.5 0.75 0.034375 0.11805555555555555
17 0.590625 0.7534722222222222 0.0359375 0.12152777777777778
14 0.6359375 0.7534722222222222 0.034375 0.125
7 0.76875 0.7534722222222222 0.0328125 0.11805555555555555
12 0.8125 0.7569444444444444 0.0359375 0.11458333333333333
14 0.9 0.7569444444444444 0.034375 0.12152777777777778
22 0.18125 0.9201388888888888 0.034375 0.11805555555555555
13 0.4546875 0.9236111111111112 0.0359375 0.11805555555555555
10 0.5015625 0.9201388888888888 0.0375 0.11805555555555555
13 0.678125 0.9236111111111112 0.0359375 0.11805555555555555
10 0.815625 0.9270833333333334 0.040625 0.11805555555555555