3 0.05 0.06944444444444445 0.0328125 0.1111111111111111
14 0.090625 0.07291666666666667 0.03125 0.10069444444444445
13 0.1296875 0.07291666666666667 0.0375 0.11805555555555555
19 0.215625 0.06944444444444445 0.0328125 0.1111111111111111
17 0.3015625 0.06597222222222222 0.0328125 0.13194444444444445
4 0.3453125 0.06944444444444445 0.0359375 0.12152777777777778
12 0.3859375 0.06944444444444445 0.0359375 0.13194444444444445
4 0.43125 0.07291666666666667 0.0359375 0.11805555555555555
12 0.4734375 0.06597222222222222 0.0375 0.125
1 0.515625 0.06597222222222222 0.0359375 0.11805555555555555
13 0.640625 0.0625 0.040625 0.125
14 0.6859375 0.0625 0.0375 0.12152777777777778
22 0.1703125 0.21875 0.034375 0.125
4 0.2125 0.21180555555555555 0.0359375 0.11805555555555555
4 0.340625 0.21875 0.034375 0.12152777777777778
1 0.428125 0.21180555555555555 0.0375 0.13194444444444445
0 0.4734375 0.2222222222222222 0.0375 0.11805555555555555
2 0.5140625 0.21875 0.0359375 0.125
10 0.5578125 0.2152777777777778 0.0359375 0.12152777777777778
8 0.8625 0.2152777777777778 0.034375 0.125
2 0.9015625 0.2152777777777778 0.034375 0.11805555555555555
4 0.940625 0.21875 0.0375 0.125
24 0.071875 0.375 0.040625 0.125
13 0.2046875 0.3715277777777778 0.03125 0.125
3 0.2484375 0.3680555555555556 0.0390625 0.13541666666666666
12 0.3375 0.3680555555555556 0.040625 0.12152777777777778
4 0.38125 0.3680555555555556 0.0375 0.12152777777777778
5 0.471875 0.3715277777777778 0.0375 0.1284722222222222
15 0.6921875 0.3680555555555556 0.0359375 0.125
11 0.7375 0.3645833333333333 0.0359375 0.125
0 0.7828125 0.3680555555555556 0.0359375 0.12152777777777778
2 0.8265625 0.3715277777777778 0.0390625 0.1284722222222222
4 0.871875 0.3680555555555556 0.0359375 0.13541666666666666
15 0.021875 0.5381944444444444 0.0390625 0.1423611111111111
20 0.0625 0.5347222222222222 0.034375 0.125
19 0.109375 0.5277777777777778 0.040625 0.1284722222222222
20 0.2 0.5416666666666666 0.034375 0.13194444444444445
15 0.2421875 0.5347222222222222 0.040625 0.13194444444444445
14 0.33125 0.5381944444444444 0.0328125 0.1388888888888889
13 0.38125 0.53125 0.0421875 0.1388888888888889
0 0.4703125 0.5347222222222222 0.0359375 0.1388888888888889
1 0.5609375 0.5347222222222222 0.0359375 0.1423611111111111
0 0.60625 0.5381944444444444 0.0375 0.1388888888888889
1 0.6515625 0.53125 0.034375 0.14583333333333334
24 0.696875 0.5277777777777778 0.0390625 0.13541666666666666
1 0.8375 0.53125 0.0359375 0.125
0 0.0546875 0.6979166666666666 0.0359375 0.1284722222222222
10 0.0984375 0.6979166666666666 0.0390625 0.1284722222222222
4 0.14375 0.7013888888888888 0.0390625 0.13194444444444445
12 0.2375 0.7013888888888888 0.0421875 0.1388888888888889
8 0.2859375 0.7048611111111112 0.0375 0.1388888888888889
18 0.3328125 0.7013888888888888 0.040625 0.1388888888888889
19 0.3765625 0.6944444444444444 0.040625 0.1423611111111111
0 0.4234375 0.7013888888888888 0.0375 0.13541666666666666
10 0.46875 0.6979166666666666 0.0375 0.1388888888888889
4 0.515625 0.6979166666666666 0.0390625 0.1388888888888889
18 0.5625 0.7013888888888888 0.040625 0.14583333333333334
17 0.8421875 0.7083333333333334 0.040625 0.13541666666666666