15 0.0890625 0.09027777777777778 0.0359375 0.12152777777777778
18 0.21875 0.09027777777777778 0.034375 0.11805555555555555
11 0.3078125 0.09375 0.034375 0.11458333333333333
21 0.3546875 0.09375 0.0359375 0.12152777777777778
0 0.3984375 0.09375 0.034375 0.11805555555555555
13 0.44375 0.09722222222222222 0.0359375 0.11458333333333333
19 0.8375 0.11458333333333333 0.0328125 0.1111111111111111
4 0.04375 0.2534722222222222 0.0328125 0.1076388888888889
11 0.1296875 0.2569444444444444 0.0359375 0.1111111111111111
24 0.1734375 0.2569444444444444 0.034375 0.11805555555555555
0 0.30625 0.2604166666666667 0.0328125 0.11805555555555555
11 0.4 0.2638888888888889 0.0359375 0.11805555555555555
11 0.4453125 0.2638888888888889 0.0375 0.11805555555555555
6 0.53125 0.2708333333333333 0.0328125 0.11805555555555555
0 0.5734375 0.2638888888888889 0.03125 0.1076388888888889
0 0.61875 0.2708333333333333 0.0328125 0.1111111111111111
4 0.6625 0.2708333333333333 0.03125 0.11458333333333333
10 0.9640625 0.28125 0.03125 0.1111111111111111
21 0.3078125 0.4270833333333333 0.0375 0.1284722222222222
18 0.040625 0.5902777777777778 0.03125 0.1111111111111111
3 0.0828125 0.5902777777777778 0.034375 0.11458333333333333
0 0.2609375 0.59375 0.034375 0.12152777777777778
11 0.30625 0.59375 0.0375 0.12152777777777778
19 0.3515625 0.5972222222222222 0.034375 0.11805555555555555
17 0.575 0.5972222222222222 0.0359375 0.11805555555555555
12 0.6640625 0.6006944444444444 0.034375 0.11458333333333333
15 0.7078125 0.6041666666666666 0.0328125 0.11458333333333333
19 0.7515625 0.6006944444444444 0.034375 0.11805555555555555
7 0.040625 0.7604166666666666 0.034375 0.1284722222222222
24 0.1703125 0.7638888888888888 0.034375 0.12152777777777778
4 0.2140625 0.7638888888888888 0.034375 0.125
6 0.30625 0.7638888888888888 0.034375 0.12152777777777778
8 0.3515625 0.7673611111111112 0.0359375 0.11805555555555555
19 0.396875 0.7673611111111112 0.034375 0.12152777777777778
14 0.4859375 0.7638888888888888 0.0359375 0.12152777777777778
13 0.5296875 0.7638888888888888 0.0359375 0.12152777777777778
19 0.753125 0.7708333333333334 0.0359375 0.12152777777777778
18 0.840625 0.7708333333333334 0.034375 0.11805555555555555
5 0.3953125 0.9270833333333334 0.034375 0.1076388888888889
11 0.484375 0.9340277777777778 0.034375 0.11458333333333333
20 0.7515625 0.9375 0.0359375 0.11458333333333333