17 0.1734375 0.3194444444444444 0.0328125 0.11805555555555555
4 0.2109375 0.3229166666666667 0.0296875 0.11458333333333333
1 0.2484375 0.3229166666666667 0.03125 0.125
4 0.2859375 0.3229166666666667 0.0296875 0.1284722222222222
0 0.365625 0.3194444444444444 0.03125 0.1111111111111111
18 0.44375 0.3194444444444444 0.0328125 0.11458333333333333
7 0.51875 0.3194444444444444 0.0296875 0.11458333333333333
18 0.5921875 0.3229166666666667 0.0328125 0.1076388888888889
4 0.63125 0.3229166666666667 0.034375 0.11458333333333333
8 0.2453125 0.4583333333333333 0.03125 0.1076388888888889
20 0.325 0.4583333333333333 0.0359375 0.1111111111111111
18 0.3640625 0.4583333333333333 0.0328125 0.1111111111111111
20 0.4046875 0.4548611111111111 0.0359375 0.11805555555555555
24 0.4796875 0.4583333333333333 0.034375 0.11458333333333333
17 0.5578125 0.4583333333333333 0.034375 0.11805555555555555
8 0.596875 0.4618055555555556 0.0328125 0.11805555555555555
3 0.634375 0.4618055555555556 0.0328125 0.12152777777777778
4 0.671875 0.4618055555555556 0.03125 0.11805555555555555
3 0.128125 0.6111111111111112 0.0328125 0.11805555555555555
14 0.1640625 0.6111111111111112 0.0296875 0.1111111111111111
4 0.2015625 0.6076388888888888 0.034375 0.11805555555555555
18 0.2421875 0.6145833333333334 0.034375 0.11458333333333333
13 0.2828125 0.6076388888888888 0.0296875 0.12152777777777778
19 0.3625 0.6006944444444444 0.0375 0.13194444444444445
7 0.4421875 0.6076388888888888 0.034375 0.125
0 0.5171875 0.6041666666666666 0.0328125 0.125
1 0.5984375 0.6076388888888888 0.034375 0.125
2 0.675 0.6145833333333334 0.03125 0.125
10 0.7125 0.6076388888888888 0.028125 0.11805555555555555
18 0.1234375 0.7604166666666666 0.0328125 0.11805555555555555
20 0.159375 0.7604166666666666 0.0265625 0.11805555555555555
15 0.2 0.7604166666666666 0.0328125 0.11805555555555555
18 0.31875 0.7534722222222222 0.0328125 0.12152777777777778
2 0.359375 0.7534722222222222 0.0328125 0.11458333333333333
24 0.440625 0.75 0.0359375 0.11458333333333333
10 0.678125 0.7534722222222222 0.034375 0.125
21 0.2359375 0.90625 0.03125 0.11805555555555555
8 0.275 0.90625 0.034375 0.12152777777777778
19 0.3171875 0.90625 0.0375 0.13194444444444445
12 0.521875 0.9027777777777778 0.0359375 0.125
4 0.5609375 0.9027777777777778 0.034375 0.125
18 0.78125 0.3263888888888889 0.03125 0.11458333333333333
16 0.8203125 0.3333333333333333 0.034375 0.11805555555555555
20 0.85625 0.3263888888888889 0.03125 0.1076388888888889
13 0.8171875 0.1875 0.034375 0.1076388888888889
0 0.921875 0.19444444444444445 0.0328125 0.11458333333333333
11 0.9296875 0.3298611111111111 0.0328125 0.11805555555555555
14 0.7859375 0.4618055555555556 0.034375 0.11458333333333333
13 0.825 0.46875 0.034375 0.12152777777777778
12 0.896875 0.4652777777777778 0.03125 0.12152777777777778
24 0.9359375 0.4722222222222222 0.034375 0.12152777777777778
5 0.7921875 0.6041666666666666 0.0359375 0.11458333333333333
3 0.865625 0.6076388888888888 0.0328125 0.1111111111111111
8 0.75625 0.7569444444444444 0.034375 0.125
5 0.7953125 0.7569444444444444 0.034375 0.125
17 0.90625 0.7534722222222222 0.0359375 0.125
4 0.9453125 0.7534722222222222 0.03125 0.125
1 0.9828125 0.75 0.0328125 0.11458333333333333