3 0.040625 0.25 0.0359375 0.1284722222222222
7 0.1375 0.2708333333333333 0.0390625 0.14583333333333334
11 0.5609375 0.28125 0.0421875 0.1284722222222222
12 0.6421875 0.2986111111111111 0.0359375 0.1284722222222222
3 0.7265625 0.3020833333333333 0.0296875 0.11458333333333333
8 0.76875 0.3090277777777778 0.0328125 0.11458333333333333
9 0.0375 0.4270833333333333 0.034375 0.13541666666666666
18 0.1359375 0.5729166666666666 0.0390625 0.13541666666666666
6 0.2796875 0.5902777777777778 0.0390625 0.13541666666666666
13 0.371875 0.59375 0.034375 0.12152777777777778
8 0.590625 0.6180555555555556 0.0328125 0.125
11 0.1359375 0.7395833333333334 0.0421875 0.1284722222222222
24 0.275 0.7534722222222222 0.0359375 0.125
22 0.54375 0.7673611111111112 0.034375 0.11458333333333333
0 0.75625 0.7881944444444444 0.0328125 0.11458333333333333