14 0.23125 0.08333333333333333 0.0359375 0.1284722222222222
1 0.4890625 0.08680555555555555 0.03125 0.125
24 0.75 0.09375 0.0359375 0.12152777777777778
18 0.9203125 0.10416666666666667 0.0375 0.125
3 0.965625 0.10416666666666667 0.034375 0.13194444444444445
0 0.9171875 0.2638888888888889 0.0328125 0.11805555555555555
17 0.875 0.2673611111111111 0.0421875 0.1388888888888889
10 0.4890625 0.2569444444444444 0.0390625 0.13194444444444445
0 0.4015625 0.25 0.0375 0.13541666666666666
13 0.275 0.23958333333333334 0.0375 0.13541666666666666
14 0.23125 0.24305555555555555 0.0375 0.125
18 0.1890625 0.24305555555555555 0.0328125 0.125
24 0.103125 0.24305555555555555 0.0375 0.1284722222222222
3 0.0625 0.3993055555555556 0.03125 0.125
14 0.1015625 0.3993055555555556 0.03125 0.11805555555555555
11 0.14375 0.3993055555555556 0.0328125 0.1284722222222222
11 0.1875 0.4027777777777778 0.034375 0.125
1 0.3171875 0.40625 0.0328125 0.125
14 0.3578125 0.40625 0.0359375 0.125
19 0.4453125 0.4097222222222222 0.034375 0.12152777777777778
0 0.528125 0.4131944444444444 0.03125 0.1111111111111111
13 0.5703125 0.4166666666666667 0.034375 0.12152777777777778
0 0.7 0.4201388888888889 0.034375 0.11805555555555555
18 0.86875 0.4270833333333333 0.034375 0.1284722222222222
22 0.9078125 0.5868055555555556 0.0390625 0.125
24 0.8234375 0.5833333333333334 0.0359375 0.11805555555555555
14 0.69375 0.5763888888888888 0.0375 0.11805555555555555
11 0.609375 0.5729166666666666 0.034375 0.11458333333333333
0 0.5703125 0.5729166666666666 0.0375 0.11458333333333333
19 0.359375 0.5659722222222222 0.0328125 0.12152777777777778
5 0.315625 0.5625 0.0375 0.11458333333333333
11 0.23125 0.5659722222222222 0.0375 0.11458333333333333
24 0.0578125 0.5590277777777778 0.0375 0.125
15 0.228125 0.71875 0.034375 0.12152777777777778
14 0.3125 0.71875 0.0359375 0.11458333333333333
3 0.440625 0.7222222222222222 0.03125 0.12152777777777778
22 0.81875 0.7361111111111112 0.0328125 0.11805555555555555
13 0.140625 0.875 0.0375 0.125
0 0.26875 0.8784722222222222 0.0296875 0.12152777777777778
4 0.525 0.8784722222222222 0.0328125 0.11458333333333333
13 0.6875 0.8819444444444444 0.0359375 0.12152777777777778
13 0.8546875 0.8923611111111112 0.03125 0.1076388888888889