4 0.0171875 0.11805555555555555 0.034375 0.125
19 0.0609375 0.11458333333333333 0.0359375 0.1284722222222222
4 0.509375 0.09722222222222222 0.03125 0.125
0 0.8609375 0.08680555555555555 0.03125 0.125
13 0.9 0.08680555555555555 0.0359375 0.125
4 0.94375 0.25 0.034375 0.13194444444444445
13 0.5578125 0.2604166666666667 0.0359375 0.1284722222222222
22 0.4671875 0.2638888888888889 0.0375 0.125
10 0.10625 0.28125 0.034375 0.13541666666666666
2 0.0625 0.28125 0.0328125 0.125
0 0.01875 0.4513888888888889 0.0328125 0.12152777777777778
8 0.0625 0.4513888888888889 0.0359375 0.12152777777777778
17 0.1046875 0.4479166666666667 0.0375 0.11458333333333333
18 0.15 0.4479166666666667 0.0359375 0.11805555555555555
18 0.378125 0.4340277777777778 0.034375 0.11805555555555555
16 0.4234375 0.4340277777777778 0.0359375 0.11805555555555555
20 0.46875 0.4340277777777778 0.0359375 0.12152777777777778
8 0.5140625 0.4305555555555556 0.0328125 0.125
3 0.8234375 0.4201388888888889 0.03125 0.125
8 0.865625 0.4166666666666667 0.0328125 0.13541666666666666
4 0.69375 0.59375 0.03125 0.11458333333333333
17 0.60625 0.59375 0.0359375 0.12152777777777778
2 0.109375 0.6215277777777778 0.0359375 0.125
17 0.021875 0.6215277777777778 0.0375 0.125
4 0.065625 0.7881944444444444 0.0375 0.125
0 0.3828125 0.7777777777777778 0.03125 0.125
14 0.5171875 0.7673611111111112 0.0328125 0.12152777777777778
0 0.7375 0.7534722222222222 0.0328125 0.11805555555555555
11 0.784375 0.75 0.0359375 0.12152777777777778
13 0.565625 0.9305555555555556 0.0375 0.125
15 0.025 0.9479166666666666 0.0328125 0.10416666666666667