2 0.046875 0.06597222222222222 0.03125 0.1076388888888889
11 0.0875 0.06944444444444445 0.034375 0.11458333333333333
14 0.128125 0.06597222222222222 0.0328125 0.1111111111111111
18 0.1734375 0.06597222222222222 0.0359375 0.11805555555555555
14 0.30625 0.06944444444444445 0.034375 0.11805555555555555
21 0.35 0.06944444444444445 0.034375 0.125
0 0.4828125 0.07291666666666667 0.0359375 0.1111111111111111
11 0.528125 0.0763888888888889 0.0359375 0.11805555555555555
11 0.571875 0.0763888888888889 0.0375 0.11805555555555555
13 0.3046875 0.2326388888888889 0.0359375 0.11805555555555555
13 0.7890625 0.2465277777777778 0.0359375 0.11805555555555555
17 0.959375 0.2569444444444444 0.034375 0.11458333333333333
1 0.2609375 0.3993055555555556 0.0390625 0.125
13 0.834375 0.4097222222222222 0.034375 0.12152777777777778
11 0.0484375 0.5590277777777778 0.046875 0.11805555555555555
0 0.1265625 0.5590277777777778 0.040625 0.11805555555555555
18 0.2125 0.5625 0.040625 0.1284722222222222
22 0.259375 0.5659722222222222 0.0359375 0.11805555555555555
14 0.303125 0.5694444444444444 0.0359375 0.12152777777777778
17 0.3484375 0.5659722222222222 0.0359375 0.11805555555555555
3 0.4828125 0.5694444444444444 0.034375 0.12152777777777778
17 0.525 0.5729166666666666 0.034375 0.12152777777777778
21 0.6140625 0.5729166666666666 0.0375 0.12152777777777778
14 0.790625 0.5798611111111112 0.034375 0.125
12 0.834375 0.5763888888888888 0.034375 0.125
5 0.040625 0.7256944444444444 0.0328125 0.11805555555555555
0 0.08125 0.7256944444444444 0.0328125 0.1111111111111111
3 0.1234375 0.7291666666666666 0.034375 0.12152777777777778
14 0.4359375 0.7361111111111112 0.0359375 0.125
1 0.5703125 0.7361111111111112 0.034375 0.11458333333333333
17 0.6578125 0.7395833333333334 0.0328125 0.125
24 0.7921875 0.7465277777777778 0.0359375 0.12152777777777778
18 0.8796875 0.7465277777777778 0.034375 0.11805555555555555
23 0.078125 0.8923611111111112 0.03125 0.11805555555555555
20 0.209375 0.9027777777777778 0.034375 0.125
0 0.34375 0.8993055555555556 0.034375 0.11458333333333333
15 0.4796875 0.9027777777777778 0.034375 0.12152777777777778
8 0.5265625 0.9027777777777778 0.0359375 0.12152777777777778
11 0.703125 0.9097222222222222 0.034375 0.11805555555555555
11 0.7921875 0.9097222222222222 0.034375 0.11458333333333333
8 0.9640625 0.90625 0.03125 0.11805555555555555