0 0.11875 0.17827298050139276 0.0578125 0.13370473537604458
1 0.20625 0.17827298050139276 0.0515625 0.12813370473537605
2 0.290625 0.17827298050139276 0.0609375 0.1309192200557103
3 0.375 0.181058495821727 0.0609375 0.1309192200557103
10 0.121875 0.45125348189415043 0.0640625 0.17270194986072424
11 0.2078125 0.44846796657381616 0.0640625 0.17548746518105848
12 0.2890625 0.44846796657381616 0.06875 0.17827298050139276
13 0.3734375 0.44846796657381616 0.059375 0.16991643454038996
14 0.4515625 0.45125348189415043 0.065625 0.17827298050139276
15 0.5375 0.45125348189415043 0.059375 0.16434540389972144
16 0.621875 0.44846796657381616 0.059375 0.1671309192200557
17 0.7046875 0.4456824512534819 0.06875 0.16991643454038996
18 0.7859375 0.44846796657381616 0.06875 0.17548746518105848
19 0.871875 0.45403899721448465 0.065625 0.17827298050139276
20 0.290625 0.7075208913649025 0.059375 0.17827298050139276
21 0.3734375 0.7075208913649025 0.0671875 0.17548746518105848
22 0.4546875 0.7047353760445683 0.059375 0.16991643454038996
23 0.54375 0.7047353760445683 0.0703125 0.17827298050139276
24 0.6234375 0.7075208913649025 0.0640625 0.1671309192200557
25 0.709375 0.6991643454038997 0.06875 0.17548746518105848
9 0.86875 0.1615598885793872 0.0640625 0.17270194986072424
8 0.784375 0.15041782729805014 0.0625 0.16434540389972144
7 0.7046875 0.16434540389972144 0.065625 0.16991643454038996
6 0.621875 0.15877437325905291 0.0609375 0.17548746518105848
5 0.5375 0.15598885793871867 0.065625 0.1615598885793872
4 0.45625 0.15877437325905291 0.065625 0.16991643454038996