0 0.065625 0.3459715639810427 0.05 0.24170616113744076
1 0.1390625 0.3459715639810427 0.046875 0.23696682464454977
2 0.2109375 0.3459715639810427 0.0484375 0.23696682464454977
3 0.2828125 0.3459715639810427 0.05 0.23222748815165878
4 0.3546875 0.3412322274881517 0.0453125 0.23696682464454977
5 0.425 0.3412322274881517 0.046875 0.23222748815165878
6 0.4984375 0.3412322274881517 0.0484375 0.23222748815165878
7 0.56875 0.3412322274881517 0.05 0.23222748815165878
8 0.6421875 0.33649289099526064 0.05 0.23696682464454977
9 0.7140625 0.33649289099526064 0.05 0.22274881516587677
10 0.7890625 0.3412322274881517 0.0515625 0.23696682464454977
11 0.8609375 0.3459715639810427 0.05 0.24170616113744076
12 0.9296875 0.3412322274881517 0.053125 0.24170616113744076
13 0.065625 0.7772511848341233 0.0515625 0.23696682464454977
14 0.1375 0.7725118483412322 0.05 0.23696682464454977
15 0.209375 0.7725118483412322 0.0484375 0.22748815165876776
16 0.28125 0.7772511848341233 0.0484375 0.23222748815165878
17 0.3546875 0.7772511848341233 0.0484375 0.22274881516587677
18 0.4265625 0.7677725118483413 0.046875 0.22748815165876776
19 0.4984375 0.7725118483412322 0.0484375 0.22748815165876776
20 0.5703125 0.7725118483412322 0.053125 0.22748815165876776
21 0.6421875 0.7725118483412322 0.0484375 0.23222748815165878
22 0.715625 0.7725118483412322 0.053125 0.23696682464454977
23 0.7875 0.7725118483412322 0.05 0.22748815165876776
24 0.8578125 0.7677725118483413 0.0515625 0.22748815165876776
25 0.93125 0.7725118483412322 0.05 0.24170616113744076