0 0.1046875 0.13523809523809524 0.0734375 0.12380952380952381
1 0.20625 0.13333333333333333 0.0734375 0.12380952380952381
2 0.3078125 0.13142857142857142 0.0734375 0.12571428571428572
3 0.4078125 0.13142857142857142 0.075 0.12571428571428572
4 0.5078125 0.13333333333333333 0.06875 0.1295238095238095
5 0.6078125 0.13142857142857142 0.0734375 0.1295238095238095
6 0.7125 0.13142857142857142 0.0734375 0.13904761904761906
7 0.815625 0.13523809523809524 0.06875 0.13142857142857142
8 0.9109375 0.13333333333333333 0.06875 0.1295238095238095
9 0.1078125 0.37523809523809526 0.065625 0.1219047619047619
10 0.2046875 0.379047619047619 0.0703125 0.12761904761904763
11 0.309375 0.379047619047619 0.0734375 0.13333333333333333
12 0.415625 0.379047619047619 0.075 0.13142857142857142
13 0.509375 0.379047619047619 0.0671875 0.1295238095238095
14 0.6109375 0.379047619047619 0.071875 0.12571428571428572
15 0.7109375 0.37714285714285717 0.06875 0.1295238095238095
16 0.8140625 0.379047619047619 0.0703125 0.12571428571428572
17 0.909375 0.379047619047619 0.0640625 0.1219047619047619
18 0.15 0.6171428571428571 0.075 0.1295238095238095
19 0.2546875 0.6171428571428571 0.0671875 0.13333333333333333
20 0.3546875 0.6190476190476191 0.075 0.13523809523809524
21 0.453125 0.6171428571428571 0.071875 0.1295238095238095
22 0.553125 0.6152380952380953 0.0703125 0.1295238095238095
23 0.6546875 0.6152380952380953 0.0703125 0.12761904761904763
24 0.75625 0.6209523809523809 0.0703125 0.12761904761904763
25 0.8640625 0.6190476190476191 0.0734375 0.12761904761904763