0 0.0921875 0.35852090032154343 0.08125 0.1189710610932476
1 0.196875 0.36012861736334406 0.0796875 0.11414790996784566
2 0.3 0.36012861736334406 0.0796875 0.1157556270096463
3 0.403125 0.36012861736334406 0.08125 0.11736334405144695
4 0.5046875 0.36012861736334406 0.0765625 0.11736334405144695
5 0.6015625 0.36012861736334406 0.0796875 0.11736334405144695
6 0.703125 0.36012861736334406 0.0828125 0.12379421221864952
7 0.803125 0.3633440514469453 0.078125 0.12379421221864952
8 0.9078125 0.364951768488746 0.0765625 0.12379421221864952
9 0.0984375 0.6157556270096463 0.084375 0.13183279742765272
10 0.1953125 0.6205787781350482 0.0796875 0.12861736334405144
11 0.2984375 0.6221864951768489 0.0828125 0.12861736334405144
12 0.4 0.6205787781350482 0.08125 0.1302250803858521
13 0.5015625 0.6221864951768489 0.075 0.1302250803858521
14 0.6015625 0.6221864951768489 0.078125 0.1270096463022508
15 0.7 0.6205787781350482 0.0796875 0.1270096463022508
16 0.8046875 0.617363344051447 0.0765625 0.12057877813504823
17 0.90625 0.6157556270096463 0.0765625 0.1189710610932476
18 0.0953125 0.8713826366559485 0.0796875 0.12057877813504823
19 0.1984375 0.8697749196141479 0.075 0.12379421221864952
20 0.296875 0.8745980707395499 0.0796875 0.12540192926045016
21 0.3984375 0.8713826366559485 0.0765625 0.12057877813504823
23 0.5 0.8713826366559485 0.078125 0.12218649517684887
24 0.6015625 0.8713826366559485 0.075 0.11736334405144695
25 0.7 0.8729903536977492 0.0796875 0.12057877813504823
22 0.9078125 0.8713826366559485 0.08125 0.12218649517684887